 Datum,01.05.11,02.05.11,03.05.11,04.05.11,05.05.11,06.05.11,07.05.11,08.05.11,09.05.11,10.05.11,11.05.11,12.05.11,13.05.11,14.05.11,15.05.11,16.05.11,17.05.11,18.05.11,19.05.11,20.05.11,21.05.11,22.05.11,23.05.11,24.05.11,25.05.11,26.05.11,27.05.11,28.05.11,29.05.11,30.05.11,31.05.11
Bagel Cream Cheese here,0,1,3,2,4,3,0,0,2,2,2,0,1,5,5,1,1,0,1,1,0,2,0,0,1,2,2,1,0,0,2
Bagel Cream Cheese to go,0,0,0,0,0,0,1,0,1,1,1,1,2,1,0,2,1,1,1,1,0,1,1,1,3,1,1,0,0,1,0
Bagel Fitness here,3,7,4,5,1,4,4,0,7,2,3,1,3,9,4,3,2,5,3,4,7,1,2,2,2,3,5,9,2,2,1
Bagel Fitness to go,0,0,0,0,1,3,2,2,1,0,4,1,2,3,1,2,3,3,3,0,0,1,0,0,3,3,0,0,0,1,0
Bagel Green Garden here,0,2,1,1,0,1,2,1,2,2,1,0,1,1,2,1,0,2,1,2,0,0,4,1,1,1,1,0,1,0,1
Bagel Green Garden to go,0,0,0,1,0,0,0,0,0,1,0,0,0,0,0,0,2,0,0,1,0,0,0,0,0,0,0,0,0,1,0
Bagel India here,0,1,1,1,0,0,4,0,0,1,1,2,1,1,1,0,1,2,1,0,2,0,1,0,0,0,3,1,0,1,2
Bagel India to go,0,0,0,0,0,0,0,3,0,0,0,0,0,0,2,0,1,0,0,0,0,0,0,0,0,0,0,0,0,0,0
Bagel Mexico here,0,3,2,5,2,0,7,0,1,3,2,1,9,4,3,2,4,2,1,4,0,2,4,2,1,1,7,6,3,2,1
Bagel Mexico to go,0,0,0,1,1,0,2,0,1,0,0,0,0,0,0,1,0,1,0,1,0,0,1,0,2,0,0,0,0,0,0
Bagel Morning Star here,0,0,0,1,1,0,0,0,1,1,1,1,0,1,0,0,2,0,2,1,1,0,1,1,1,0,2,1,0,1,0
Bagel Morning Star to go,0,0,0,0,0,0,0,0,0,0,0,0,0,0,0,0,0,0,1,0,1,0,0,0,0,0,0,0,0,0,0
Bagel Peanut Butter here,0,1,0,0,0,0,0,0,0,0,0,1,0,1,0,0,0,0,1,0,0,0,0,0,0,0,0,0,0,0,0
Bagel Peanut Butter to go,0,0,0,0,0,0,0,0,0,0,0,0,0,0,0,0,0,0,0,1,0,0,0,0,0,0,0,0,0,0,0
Bagel plain here,0,0,0,0,0,0,0,1,0,0,0,1,0,3,2,1,0,0,0,0,0,0,0,1,1,1,3,0,0,0,0
Bagel plain to go,1,0,1,0,2,2,0,0,2,1,1,1,10,1,6,0,0,1,1,0,1,0,0,5,1,0,1,0,1,1,0
Bagel Roma oder Florenz here,2,6,8,9,13,9,14,4,7,6,6,8,9,19,4,5,7,9,10,7,12,6,7,11,5,9,7,11,4,7,4
Bagel Roma oder Florenz to go,0,5,1,6,1,5,1,2,4,1,4,2,2,2,2,6,4,4,5,4,2,2,3,2,5,5,1,1,2,8,1
Bagel Stulle Deluxe here,0,4,2,5,4,1,4,2,3,3,2,1,4,4,4,4,3,5,5,4,2,1,1,3,2,3,4,0,1,1,1
Bagel Stulle Deluxe to go,0,1,1,0,2,2,4,0,1,1,1,3,3,1,1,0,1,1,1,1,2,1,1,1,1,1,0,0,1,0,0
Bagel Vital here,0,0,2,0,0,0,2,0,2,1,0,0,0,1,0,0,0,0,0,0,1,0,0,0,0,1,0,0,0,0,0
Bagel Vital to go,0,0,0,0,0,0,0,0,0,0,0,0,0,0,0,0,0,0,0,0,0,0,0,0,0,1,0,0,0,1,0
Brezel Butter here,0,1,0,0,1,0,2,0,1,0,0,0,0,0,0,1,0,2,2,2,0,1,0,0,1,0,2,2,0,0,1
Brezel Butter to go,0,0,0,0,0,0,0,0,0,0,0,0,0,0,0,0,0,0,0,0,0,1,0,0,0,0,0,0,0,0,0
Brezel plain here,1,2,1,2,2,3,3,0,1,1,4,2,3,2,4,5,4,2,0,4,0,1,3,3,1,2,4,0,0,3,1
Brezel plain to go,1,0,0,0,2,0,0,3,0,1,2,0,1,1,0,0,0,1,1,0,0,2,7,0,3,1,0,0,0,0,0
Cafe Creme groﬂ  here,2,9,2,5,1,4,1,3,1,2,2,4,5,5,1,2,5,2,6,5,7,4,6,1,3,5,8,6,1,2,2
Cafe Creme groﬂ  to go,4,1,4,1,2,2,1,0,5,2,1,0,2,4,1,5,1,3,2,2,1,3,3,3,2,2,2,1,2,0,2
Cafe Creme klein  here,5,9,12,10,10,9,18,7,15,14,12,8,9,12,12,14,12,13,7,17,13,4,13,7,11,15,14,9,4,8,10
Cafe Creme klein  to go,6,3,4,3,6,4,2,1,7,1,6,3,9,6,1,5,3,3,0,8,12,3,4,4,6,3,7,1,8,4,3
Caffe Latte mit Sirup here,0,0,4,8,0,4,2,0,2,1,0,2,2,4,2,2,4,3,4,1,2,1,1,2,0,3,1,0,0,2,1
Caffe Latte mit Sirup to go,0,1,3,1,1,0,1,1,0,1,1,1,2,1,3,0,1,1,0,0,0,2,0,2,4,2,4,2,1,3,2
Caffe Latte ohne Sirup bring in,0,0,0,0,0,0,0,0,0,0,0,0,0,0,0,0,0,0,4,0,0,0,0,0,0,0,0,0,0,0,0
Caffe Latte ohne Sirup here,5,13,12,18,14,5,15,6,6,3,11,12,11,20,14,15,18,12,9,7,17,9,8,8,10,12,21,19,3,13,8
Caffe Latte ohne Sirup to go,9,6,10,10,13,12,13,6,5,5,7,6,16,10,8,6,12,9,11,8,4,5,12,8,8,7,9,16,6,10,7
Cappuccino groﬂ  here,5,4,16,9,6,13,5,4,5,7,7,11,4,24,7,6,7,5,5,8,4,7,5,5,7,13,13,8,4,2,10
Cappuccino groﬂ  to go,7,5,5,4,6,5,6,3,7,6,4,2,7,2,4,2,10,4,0,3,3,3,6,6,5,6,6,13,4,5,4
Cappuccino klein  here,10,11,17,17,11,18,17,8,15,15,10,10,12,15,9,20,19,15,6,15,15,4,11,14,12,19,9,10,8,8,22
Cappuccino klein  to go,4,5,4,3,4,10,3,0,5,11,1,6,7,2,2,5,7,6,4,2,4,0,3,4,4,0,2,2,1,3,3
Chai Tea groﬂ Chai Banana here,1,1,0,1,1,1,0,0,0,0,0,0,0,2,1,1,1,0,0,0,0,0,0,0,0,0,0,0,0,0,2
Chai Tea groﬂ Chai Banana to go,0,0,0,1,0,0,0,0,0,0,0,0,0,1,0,0,0,0,0,1,1,0,0,0,0,0,0,0,0,0,0
Chai Tea groﬂ Chai Tea Latte here,1,1,3,4,3,0,2,0,0,5,1,5,2,4,7,3,4,4,1,2,6,0,0,3,1,2,3,4,4,2,4
Chai Tea groﬂ Chai Tea Latte to go,2,1,1,1,1,2,2,1,2,1,1,1,1,1,2,1,2,0,3,1,2,2,0,0,2,0,1,2,0,3,2
Chai Tea klein Chai Banana here,0,0,0,0,0,0,0,0,0,0,0,0,0,0,0,0,0,0,0,0,0,0,0,0,0,0,0,0,0,0,1
Chai Tea klein Chai Tea Latte here,1,3,3,6,4,2,2,0,4,0,1,7,2,8,2,4,1,3,3,0,1,1,2,2,0,6,8,0,1,2,1
Chai Tea klein Chai Tea Latte to go,0,1,1,1,0,1,0,0,1,2,3,1,0,2,1,0,0,0,3,1,2,0,1,0,1,0,1,1,2,2,0
Chocolate groﬂ Bio-Kakao here,0,0,0,0,0,0,0,0,0,0,0,0,0,1,1,0,0,0,1,0,1,0,0,0,0,0,0,0,0,0,0
Chocolate groﬂ Bio-Kakao to go,0,0,0,0,1,0,0,0,0,0,0,0,0,0,0,0,0,0,0,0,0,0,0,1,0,0,0,0,0,0,0
Chocolate groﬂ black here,0,4,3,0,0,2,1,0,0,1,2,1,0,7,1,1,2,0,0,0,0,0,0,0,1,0,2,1,0,0,3
Chocolate groﬂ black to go,1,0,1,1,0,0,0,0,1,3,0,1,1,0,1,3,0,0,0,0,1,0,0,1,0,0,0,2,0,0,0
Chocolate groﬂ white here,1,2,0,1,3,3,1,0,0,0,1,1,0,0,2,0,0,1,0,1,1,0,1,0,0,1,3,0,0,0,1
Chocolate groﬂ white to go,0,0,0,0,0,0,0,1,1,0,0,0,0,0,3,1,0,0,0,0,0,0,0,0,0,0,0,0,0,0,0
Chocolate klein Bio-Kakao here,0,2,0,0,0,0,0,0,2,0,0,0,0,0,0,1,0,0,0,0,0,0,0,0,0,0,0,0,0,0,2
Chocolate klein black here,0,3,5,7,1,3,0,0,1,3,2,2,1,8,4,2,2,2,2,3,0,0,0,2,1,2,7,4,1,1,4
Chocolate klein black to go,1,0,0,0,1,1,0,0,0,2,1,0,1,0,1,1,0,0,1,0,0,0,1,0,1,0,0,1,0,0,0
Chocolate klein mit Sirup here,0,0,0,0,0,0,1,0,0,0,0,0,0,0,0,0,0,0,0,0,0,0,0,0,0,0,0,0,0,0,0
Chocolate klein white here,0,0,1,2,1,0,0,0,1,0,1,0,0,1,1,0,0,0,0,0,0,0,0,0,1,1,1,2,0,0,1
Chocolate klein white to go,0,1,1,0,0,0,0,0,0,0,0,0,0,2,1,4,0,0,0,0,0,0,0,0,0,0,0,0,0,0,0
Cookie here,1,7,4,5,5,5,13,4,2,5,4,7,2,9,6,5,3,3,6,7,8,4,5,5,5,5,9,6,3,3,5
Cookie to go,3,5,10,2,5,3,7,4,6,6,3,3,1,0,0,3,6,4,6,3,10,3,6,5,2,3,9,4,1,3,5
Cool Latte Iced Caffe here,2,2,0,2,3,3,13,1,3,2,5,1,2,4,0,1,1,5,3,5,7,5,2,6,3,1,1,7,4,7,1
Cool Latte Iced Caffe to go,2,2,2,5,2,4,13,6,2,1,2,0,6,3,0,0,0,7,6,9,6,7,10,2,2,1,0,8,9,7,3
Cool Latte Iced Espresso here,0,1,0,0,1,2,0,0,0,3,5,1,1,1,0,0,1,0,0,1,5,1,0,0,1,0,1,0,0,0,0
Cool Latte Iced Espresso to go,5,1,0,0,2,2,1,0,1,1,2,0,1,1,0,0,0,2,1,1,4,1,1,0,0,0,0,0,0,0,0
Cool Latte Iced Macchiato here,3,7,3,2,6,5,14,2,3,3,14,4,6,1,0,2,3,4,12,7,17,5,4,9,8,6,0,4,1,16,2
Cool Latte Iced Macchiato to go,5,1,2,1,4,13,14,5,2,1,2,5,3,5,0,1,2,13,4,10,13,12,6,8,5,2,1,7,10,6,0
Donut here,5,4,2,6,5,3,7,2,3,1,3,4,2,13,9,6,2,3,3,7,6,3,2,2,4,7,7,6,3,2,8
Donut to go,3,3,6,4,4,3,2,2,6,8,5,2,1,9,4,6,4,3,7,0,2,2,4,2,6,2,2,1,3,7,3
Eis here,0,0,0,0,0,1,0,0,1,0,0,1,0,0,0,0,0,0,1,0,0,0,0,0,2,0,0,0,0,0,0
Eis to go,0,0,0,0,0,0,0,0,0,0,0,0,0,0,0,0,0,0,0,0,0,2,0,0,0,0,0,0,0,1,0
Eiskaffee here,3,4,1,2,5,6,21,11,5,10,8,3,11,8,0,2,4,11,6,15,29,13,7,14,17,1,1,17,12,26,4
Eiskaffee to go,0,2,0,0,3,2,14,7,5,0,2,2,3,0,0,1,0,5,7,5,9,11,3,4,2,2,0,2,1,4,2
Eisschokolade here,1,1,6,0,3,3,8,2,5,2,4,10,9,3,0,0,4,3,4,3,12,5,7,1,9,9,3,8,6,11,3
Eisschokolade to go,2,1,0,0,2,6,6,2,8,3,1,3,2,2,0,2,2,3,5,2,1,0,4,3,6,3,2,2,3,5,2
Eistee here,1,0,0,2,0,1,4,0,0,1,6,3,5,3,2,1,0,1,1,2,3,1,3,2,3,2,0,3,4,4,4
Eistee to go,0,1,0,1,1,0,8,1,1,2,1,1,1,0,0,0,1,1,2,1,5,0,1,1,1,2,0,0,0,0,0
Espresso groﬂ Barista here,0,0,0,0,1,0,0,0,0,0,0,1,0,2,0,0,0,0,0,0,0,0,0,0,0,0,0,0,1,0,0
Espresso groﬂ Barista to go,0,0,0,0,0,0,0,0,0,0,0,0,0,0,0,0,0,0,0,0,3,0,0,0,0,0,0,0,0,0,0
Espresso groﬂ Cuba here,1,0,0,0,0,0,1,0,1,0,0,0,0,0,1,0,1,0,0,0,0,0,0,0,0,0,1,1,1,0,0
Espresso groﬂ Cuba to go,0,0,0,0,0,0,0,0,0,0,0,0,0,0,0,0,0,0,0,1,0,0,0,0,0,0,0,0,0,0,0
Espresso groﬂ Macchiato here,0,0,1,0,0,0,1,1,0,0,0,0,0,1,0,4,1,1,0,1,2,2,0,0,0,0,0,1,1,0,1
Espresso groﬂ Macchiato to go,0,0,1,0,1,1,0,1,0,0,0,0,0,0,0,0,0,0,0,1,0,0,1,0,0,0,0,0,0,0,0
Espresso groﬂ Originale here,0,1,2,0,4,2,1,3,1,1,0,1,0,5,1,1,1,2,2,2,4,1,1,1,0,3,0,2,2,4,0
Espresso groﬂ Originale to go,1,0,1,0,0,0,0,0,0,0,0,0,0,0,1,0,0,2,1,2,0,1,0,5,0,0,0,0,0,4,0
Espresso groﬂ Unplugged here,2,0,0,0,1,0,1,1,1,0,1,0,0,0,0,1,0,0,0,0,0,1,1,0,0,0,1,0,1,0,0
Espresso groﬂ Unplugged to go,0,0,0,0,0,0,0,1,0,0,0,0,0,0,0,2,0,0,0,0,0,0,0,0,0,0,0,0,0,0,0
Espresso klein Barista here,0,1,1,1,0,1,1,0,1,0,3,1,2,1,1,0,1,0,1,1,1,0,0,0,1,3,1,0,0,1,3
Espresso klein Cuba here,0,1,1,0,0,0,2,0,0,1,0,1,0,0,0,1,1,1,0,0,0,0,1,0,0,1,1,0,0,1,2
Espresso klein Cuba to go,0,0,0,0,0,0,1,0,0,0,0,0,0,0,0,0,0,0,0,0,1,0,0,0,0,0,0,0,0,0,0
Espresso klein Lungo here,0,0,0,0,0,0,0,0,0,0,0,0,0,0,0,0,0,0,0,0,0,1,0,0,0,1,0,0,1,0,1
Espresso klein Lungo to go,0,0,0,0,0,0,0,0,0,0,0,0,0,0,1,0,0,0,0,0,0,0,0,0,0,0,0,0,1,0,0
Espresso klein Macchiato here,1,1,1,1,3,1,0,1,3,4,0,4,0,1,4,1,2,3,2,0,1,0,2,0,1,0,1,3,0,0,1
Espresso klein Macchiato to go,0,0,1,2,2,0,0,1,0,0,0,1,1,0,0,3,0,0,0,0,0,0,0,0,0,0,0,0,0,0,0
Espresso klein Orange here,0,0,0,0,0,0,0,0,0,0,0,1,0,0,2,1,1,0,0,0,1,0,0,0,0,0,0,0,1,0,0
Espresso klein Originale here,3,6,4,6,5,3,8,1,3,6,6,5,4,3,2,6,2,6,2,3,5,0,2,3,5,4,3,3,2,3,3
Espresso klein Originale to go,0,0,0,1,1,1,0,0,0,0,2,1,0,0,0,1,2,0,0,0,1,0,1,0,0,0,0,0,0,0,0
Espresso klein Unplugged here,0,1,0,0,0,0,2,0,2,0,0,0,1,2,1,3,3,0,0,1,3,0,0,1,0,1,0,3,1,0,0
Espresso Latte here,3,6,6,7,5,1,4,1,3,3,4,4,1,6,5,3,5,4,1,3,3,2,3,5,4,5,5,7,3,2,9
Espresso Latte to go,1,0,1,0,2,3,0,1,1,0,1,0,1,2,3,1,0,0,0,0,0,1,1,2,3,1,1,2,0,2,1
Frappe black here,1,1,0,1,1,1,4,7,3,1,6,3,1,2,1,1,3,4,7,4,6,2,2,1,3,1,1,3,0,5,3
Frappe black to go,2,0,0,0,0,5,5,5,1,0,4,4,7,1,0,0,4,5,3,1,6,2,9,4,3,2,1,3,2,2,0
Frappe white here,4,4,2,1,2,3,1,0,2,0,2,0,0,5,0,0,0,2,2,5,3,3,1,1,1,1,0,3,1,2,1
Frappe white to go,2,0,1,3,1,1,4,4,4,4,1,4,7,3,0,2,1,4,9,4,3,2,2,2,3,1,1,2,5,1,0
Fruchtsaft frisch groﬂ  here,0,1,0,0,0,1,0,0,0,0,0,0,0,0,0,0,1,0,0,1,0,0,0,0,0,0,0,0,0,0,0
Fruchtsaft frisch groﬂ  to go,0,0,0,0,0,0,0,1,0,1,0,0,0,0,0,0,1,0,0,0,0,0,0,0,0,0,0,0,0,0,0
Fruchtsaft frisch klein  here,0,0,0,0,0,0,0,0,0,0,2,0,0,0,2,2,0,2,0,0,0,0,0,0,0,0,0,0,0,0,0
Fruchtsaft frisch klein  to go,0,0,0,0,0,0,0,0,1,0,0,0,0,0,0,0,0,0,0,0,0,0,0,0,0,0,0,0,0,0,1
Iced Chai Latte here,1,2,0,0,1,1,5,2,2,0,2,0,3,3,2,1,1,2,3,1,9,1,3,1,5,1,1,4,2,3,0
Iced Chai Latte to go,0,0,1,2,0,2,9,2,4,1,3,1,3,2,0,0,1,3,2,0,6,1,3,1,2,1,1,3,2,2,0
Iced Espresso here,0,0,0,0,0,0,0,0,0,0,0,0,0,0,0,0,1,0,0,0,0,0,0,0,0,0,0,0,0,0,0
Iced Espresso to go,0,0,0,0,0,0,1,0,1,1,0,1,0,0,0,0,0,0,0,0,0,0,1,0,0,0,0,0,1,0,0
Kaffee here,7,10,13,9,11,12,6,4,8,12,4,11,5,9,4,18,13,4,5,14,11,1,8,19,8,4,14,8,2,2,6
Kaffee to go,2,6,3,2,5,0,0,1,2,2,4,1,6,4,0,3,1,1,0,3,1,2,1,1,7,2,3,0,2,1,2
Kaffeeverkauf Espressobohnen groﬂ Espresso Barista to go,0,1,0,0,0,0,0,0,0,0,0,0,0,1,0,0,0,0,0,0,0,0,0,0,0,0,0,0,0,0,0
Kaffeeverkauf Espressobohnen groﬂ Espresso Cuba to go,0,0,0,0,0,0,0,0,0,0,0,0,0,0,0,0,0,1,0,0,0,0,0,0,0,0,0,0,0,0,0
Kaffeeverkauf Espressobohnen groﬂ Espresso Originale to go,0,0,0,0,0,0,1,0,0,0,1,0,0,0,0,0,0,0,0,0,0,0,0,0,0,0,0,0,0,0,0
Kaffeeverkauf Espressobohnen groﬂ Unplugged to go,0,0,0,1,0,0,0,0,0,0,0,0,0,0,0,0,0,0,0,0,0,0,0,0,1,0,0,0,0,0,0
Kaffeeverkauf Espressobohnen klein Espresso Barista to go,0,0,0,0,0,0,0,0,0,0,0,0,0,0,0,0,0,0,0,0,0,1,0,0,0,0,1,1,0,0,0
Kaffeeverkauf Espressobohnen klein Espresso Coffeinfrei to go,0,0,0,0,0,0,0,1,0,0,0,0,0,0,0,0,0,0,0,0,0,0,0,0,0,0,0,0,0,0,0
Kaffeeverkauf Espressobohnen klein Espresso Cuba to go,0,0,0,1,0,0,0,0,0,0,0,0,0,0,0,0,0,0,0,0,0,1,1,0,0,0,0,0,0,0,0
Kaffeeverkauf Espressobohnen klein Espresso Originale here,0,0,0,0,0,0,0,0,0,1,0,0,0,0,0,0,0,0,0,0,0,0,0,0,0,0,0,0,0,0,0
Kaffeeverkauf Espressobohnen klein Espresso Originale to go,0,0,0,0,0,0,0,0,0,0,0,0,0,0,0,0,0,0,0,0,0,0,0,1,0,0,0,0,0,0,0
Kaffeeverkauf Espressobohnen klein Unplugged to go,0,0,0,0,0,0,1,0,1,0,2,0,0,0,1,0,1,0,0,0,0,0,0,0,0,0,0,0,0,0,0
Kaffeeverkauf Goldline Blue Mountain to go,0,0,0,0,0,0,0,0,0,0,0,1,0,0,0,0,0,0,0,0,0,0,0,0,0,0,0,0,0,0,0
Kaffeeverkauf Goldline Galapagos here,0,0,0,0,1,0,0,0,0,0,0,0,0,0,0,0,0,0,0,0,0,0,0,0,0,0,0,0,0,0,0
Kaffeeverkauf sortenrein groﬂ ƒthiopischer Mocca to go,0,0,0,0,0,0,0,0,0,1,0,0,0,0,0,0,0,0,0,0,0,0,0,0,0,0,0,0,0,0,0
Kaffeeverkauf sortenrein groﬂ Kenya Arabica AA to go,0,0,0,0,0,0,0,0,0,0,0,0,0,0,0,0,0,1,0,0,0,0,0,0,0,0,0,1,0,0,0
Kaffeeverkauf sortenrein groﬂ Mexiko Organico here,0,0,1,0,0,0,1,0,0,0,0,0,0,0,0,0,0,0,0,0,0,0,0,0,0,0,0,0,0,0,0
Kaffeeverkauf sortenrein groﬂ Mexiko Organico to go,0,0,0,0,0,0,0,0,0,0,0,0,0,0,0,0,0,0,0,0,0,0,0,0,0,0,0,0,0,1,0
Kaffeeverkauf sortenrein klein ƒthiopischer Mocca to go,0,0,0,0,0,0,0,0,0,1,0,0,0,0,0,0,0,0,0,2,0,0,0,0,0,0,0,1,0,0,0
Kaffeeverkauf sortenrein klein Costa Rica to go,0,0,0,0,0,0,0,0,0,0,1,0,0,0,0,0,0,1,0,0,0,0,0,0,0,0,0,0,0,0,0
Kaffeeverkauf sortenrein klein Guatemala to go,0,1,0,0,0,0,1,0,0,0,0,0,0,0,0,0,0,1,0,0,0,0,0,0,0,0,0,0,0,0,0
Kaffeeverkauf sortenrein klein India Malabar to go,0,0,0,0,0,0,0,0,0,0,0,0,0,0,0,1,0,0,0,0,0,0,0,0,1,0,0,0,0,0,0
Kaffeeverkauf sortenrein klein Java to go,0,0,1,0,0,0,0,0,0,0,0,0,0,0,0,0,0,0,0,0,0,0,0,0,0,0,0,0,0,0,0
Kaffeeverkauf sortenrein klein Maragogype to go,0,0,0,0,0,0,0,0,0,0,0,0,0,0,0,0,0,0,0,0,0,0,0,1,0,0,0,0,0,0,0
Kaffeeverkauf sortenrein klein Mexiko Organico to go,0,0,1,0,1,0,0,0,0,0,0,0,0,0,0,0,0,0,0,0,1,0,0,0,0,0,0,0,0,0,0
Kaffeeverkauf sortenrein klein Peru here,0,0,0,0,0,0,0,0,0,0,0,1,0,0,0,0,0,0,0,0,0,0,0,0,0,0,0,0,0,0,0
Kaffeeverkauf sortenrein klein Peru to go,0,0,0,0,0,0,0,0,0,0,0,0,0,0,0,0,0,1,0,0,0,0,0,0,0,0,0,0,1,0,0
Kaffegetr‰nk groﬂ ƒthiopischer Mocca here,0,0,0,0,0,0,0,0,0,0,0,0,0,1,0,0,0,0,0,0,0,0,0,0,0,0,0,0,0,0,0
Kaffegetr‰nk groﬂ Costa Rica here,1,0,0,0,0,0,0,0,0,0,0,0,0,0,0,0,0,0,0,0,0,0,0,0,0,0,0,0,0,0,0
Kaffegetr‰nk groﬂ Guatemala here,0,1,0,1,0,0,0,0,0,0,0,0,0,0,0,0,0,0,0,0,0,0,0,0,0,0,0,0,0,0,0
Kaffegetr‰nk groﬂ Kenya Arabica AA here,0,0,0,0,0,0,0,0,0,0,0,0,0,0,0,0,0,0,0,0,0,0,0,0,2,0,0,0,0,0,0
Kaffegetr‰nk groﬂ Mexiko Organico here,1,0,0,0,1,0,0,1,0,1,0,2,0,0,0,0,1,0,0,0,0,0,0,0,0,0,1,1,1,0,0
Kaffegetr‰nk groﬂ Mexiko Organico to go,0,0,0,1,0,0,0,0,0,0,0,0,0,0,0,0,0,0,0,0,0,0,0,0,0,0,0,0,0,0,0
Kaffegetr‰nk groﬂ Wiener Melange here,0,0,0,0,0,0,0,0,0,0,0,0,0,0,0,0,0,0,0,0,0,0,0,0,0,2,0,0,0,0,0
Kaffegetr‰nk klein ƒthiopischer Mocca here,0,0,0,0,1,0,0,0,0,0,0,0,0,2,0,0,0,0,0,0,0,0,0,0,0,0,0,0,0,0,0
Kaffegetr‰nk klein ƒthiopischer Mocca to go,0,0,0,0,0,0,0,0,0,0,0,0,1,0,0,0,0,0,0,0,0,0,0,0,0,0,0,0,0,0,0
Kaffegetr‰nk klein Maragogype here,0,0,0,0,0,0,0,0,0,0,0,0,0,0,0,2,0,0,0,0,0,0,2,0,0,0,2,0,0,0,0
Kaffegetr‰nk klein Mexiko Organico here,0,0,0,0,1,1,0,0,1,1,0,1,1,1,1,1,1,1,1,2,0,0,0,0,0,0,0,0,0,0,1
Kaffegetr‰nk klein Wiener Melange here,0,0,0,1,0,0,0,0,0,1,0,1,0,0,0,0,0,0,0,0,0,0,0,0,0,0,0,0,0,0,0
Kaffeverkauf Hausmischung groﬂ Cafe Creme to go,0,0,0,0,0,0,1,0,0,0,0,0,0,1,0,0,0,0,0,0,0,0,0,0,0,0,0,0,0,0,0
Kaffeverkauf Hausmischung klein Cafe Creme here,0,0,0,0,0,0,0,0,0,0,0,1,0,0,0,0,0,0,0,0,0,0,0,0,0,0,0,0,0,0,0
Kaffezusatz Espresso Shot here,3,2,0,0,0,0,1,1,3,0,0,1,1,3,4,1,0,0,1,0,1,0,0,0,0,1,2,3,0,0,3
Kaffezusatz Espresso Shot to go,2,0,4,0,2,1,0,0,0,1,1,0,1,1,1,0,1,0,1,0,2,0,0,1,5,3,1,1,0,0,1
Kaffezusatz Flavour Shot here,1,2,0,1,3,3,2,1,0,0,1,3,0,3,0,3,0,1,3,3,2,3,1,5,1,5,3,3,3,0,3
Kaffezusatz Flavour Shot to go,3,1,2,1,2,7,8,0,1,1,1,0,1,2,1,0,1,3,0,7,2,2,2,2,1,1,2,5,2,3,0
Kaffezusatz Lac.-frei here,3,2,5,8,4,2,4,0,3,1,7,1,3,6,5,6,8,4,5,2,2,2,0,2,4,6,4,2,0,0,1
Kaffezusatz Lac.-frei to go,3,2,1,1,2,2,3,0,4,0,3,2,6,0,1,0,4,1,2,1,1,2,3,1,5,4,5,3,2,0,1
Kaffezusatz Sahne here,1,1,2,0,1,1,0,0,0,1,0,0,0,1,0,0,0,1,0,0,1,0,0,0,0,2,3,2,1,1,1
Kaffezusatz Sahne to go,0,0,0,0,0,0,0,1,0,2,0,0,0,0,0,0,0,1,0,0,0,0,0,0,0,0,0,0,0,0,0
Kaffezusatz Soja here,0,6,1,5,2,2,7,0,2,2,2,0,0,7,2,3,0,1,1,1,9,1,4,2,1,3,6,4,2,0,4
Kaffezusatz Soja to go,1,0,3,1,0,4,6,4,0,1,2,0,5,0,1,1,1,0,3,7,3,2,2,0,3,2,3,3,2,1,2
Kapuziner groﬂ  here,1,0,1,0,0,0,0,0,0,0,0,0,0,0,0,0,0,0,0,0,0,0,0,0,0,0,0,0,0,0,0
Kapuziner groﬂ  to go,0,0,0,0,0,0,1,0,0,0,0,0,0,0,0,0,0,0,0,0,0,0,0,0,0,0,0,0,0,0,0
Kapuziner klein  here,1,1,2,0,0,0,1,0,0,1,0,0,0,1,0,1,0,0,1,0,0,0,0,0,0,0,0,0,1,0,0
Kapuziner klein  to go,0,0,1,0,0,0,0,0,0,0,0,0,0,0,0,0,0,0,0,0,0,0,1,0,0,0,0,0,0,0,0
Kuchen here,8,3,2,1,0,1,7,10,0,1,3,0,1,9,15,1,0,0,0,3,16,7,3,1,2,0,2,16,5,5,6
Kuchen to go,2,0,0,1,0,0,0,4,0,1,0,0,0,2,4,0,0,0,0,0,0,5,0,0,0,1,1,2,1,0,0
Latte Macchiato mit Sirup here,10,10,7,18,10,10,2,2,1,5,6,8,5,21,16,8,7,4,7,3,8,7,3,3,2,8,13,11,1,3,9
Latte Macchiato mit Sirup to go,3,3,8,4,8,7,5,0,6,5,8,1,9,7,6,14,6,6,2,4,6,1,6,7,9,7,9,4,3,3,5
Latte Macchiato ohne Sirup here,12,28,23,42,22,19,23,1,22,16,22,17,21,47,36,27,32,29,20,21,20,4,14,21,20,22,47,20,8,7,30
Latte Macchiato ohne Sirup to go,11,6,19,15,13,13,13,8,10,15,14,8,15,8,5,11,12,14,10,12,7,4,10,10,12,13,22,9,7,9,17
Milk groﬂ  here,0,0,0,1,0,1,0,0,0,0,1,0,0,0,1,0,0,1,0,0,0,0,1,0,0,0,0,0,0,0,0
Milk groﬂ  to go,1,0,0,0,0,0,0,0,0,0,0,0,0,1,0,2,0,0,0,0,0,0,0,1,0,0,1,0,0,0,0
Milk klein  here,0,1,0,0,0,0,0,0,0,0,0,0,0,0,0,0,0,0,0,0,0,0,0,0,0,1,0,0,0,0,0
Milk klein  to go,0,0,0,0,0,1,2,0,0,0,0,0,0,0,0,0,0,0,0,0,0,0,0,0,0,0,0,0,0,0,0
Mocca groﬂ black here,1,2,1,1,0,3,2,1,0,1,2,2,1,0,2,1,1,0,0,0,2,0,2,0,0,1,2,3,0,0,3
Mocca groﬂ black to go,1,2,2,0,1,1,4,0,1,0,2,3,2,3,0,2,2,1,1,2,1,0,1,0,2,2,2,1,0,4,1
Mocca groﬂ white here,1,1,2,0,3,1,2,3,0,0,0,1,0,2,2,8,2,4,1,0,1,3,2,0,0,2,3,4,0,0,1
Mocca groﬂ white to go,1,4,1,2,2,1,3,2,4,1,1,2,0,3,4,1,1,2,1,4,1,0,1,4,4,0,2,1,2,2,2
Mocca klein black here,1,2,2,1,3,1,0,0,1,0,1,1,1,4,3,1,1,1,2,1,0,0,0,1,0,2,7,1,0,0,0
Mocca klein black to go,1,1,0,0,0,1,0,0,0,1,0,0,0,1,0,0,0,0,0,0,0,0,0,0,0,0,2,1,1,0,2
Mocca klein white here,4,1,2,8,3,2,1,1,1,0,0,4,2,1,0,1,2,2,1,2,0,0,1,2,0,0,2,0,0,1,5
Mocca klein white to go,1,2,1,0,1,1,0,0,0,0,0,1,1,1,0,1,0,1,0,1,1,0,0,0,0,1,0,3,0,0,3
MoccaSin here,0,0,2,0,0,0,0,0,0,0,1,0,0,0,1,1,1,1,3,0,0,1,0,1,0,0,0,0,1,0,1
MoccaSin to go,2,0,1,1,0,0,0,0,0,0,0,2,0,0,0,1,1,0,1,0,0,0,0,0,0,0,0,0,0,0,0
Muffin here,18,27,21,17,11,13,26,4,10,12,10,17,10,27,30,26,23,23,23,18,18,5,12,14,28,23,29,19,10,15,23
Muffin to go,4,5,10,16,13,10,5,8,7,9,4,13,9,9,7,6,7,6,5,13,7,9,8,10,11,9,10,7,11,5,9
M¸sli here,0,0,0,1,0,0,0,0,0,0,0,0,0,0,0,0,0,0,0,1,0,0,0,0,0,0,0,1,0,0,1
M¸sli to go,0,0,0,0,0,0,0,0,0,0,0,0,0,0,0,0,0,0,0,0,1,0,0,0,1,0,0,0,0,0,0
Nebenprodukte Sirup groﬂ to go,0,0,0,0,1,0,0,0,1,0,0,0,0,0,0,1,0,0,0,0,0,1,0,0,0,0,0,0,0,1,0
Preis here,1,2,0,0,5,1,2,0,2,1,0,0,1,18,1,1,0,0,0,2,2,1,0,0,0,2,2,3,1,0,0
Preis to go,0,2,2,2,0,2,1,0,6,0,1,0,1,5,0,0,0,2,1,2,1,1,2,0,1,1,4,0,9,1,5
Shake here,3,8,5,3,1,13,19,4,8,2,4,13,8,9,3,3,2,8,10,10,13,5,3,3,6,2,1,11,1,6,4
Shake to go,4,3,0,0,1,6,6,5,7,1,13,6,2,4,0,0,0,4,6,7,6,7,3,6,11,1,4,6,1,4,0
Smoothie plain here,10,12,4,14,6,12,22,9,16,8,18,13,6,17,7,5,7,15,14,14,33,14,7,12,11,7,6,12,11,14,6
Smoothie plain to go,12,2,3,5,14,14,49,31,12,11,15,10,8,10,1,3,7,23,16,17,27,25,21,15,10,9,4,21,20,22,2
Softdrink Bionade here,3,0,2,1,1,2,4,3,3,0,5,1,3,3,0,3,1,5,3,0,3,3,1,1,4,2,1,0,1,3,0
Softdrink Bionade to go,0,0,1,1,0,1,0,0,0,0,0,0,0,0,0,1,0,2,0,1,0,1,1,0,0,0,1,0,0,0,0
Softdrink Bottle AFG here,7,4,1,6,5,7,11,5,2,3,2,2,4,14,4,3,2,4,3,3,10,4,4,4,2,7,3,7,5,3,2
Softdrink Bottle AFG to go,1,0,0,3,0,0,11,7,4,0,0,1,2,0,0,1,4,5,2,2,4,3,1,3,1,2,1,0,1,1,0
Softdrink Wasser here,2,3,1,2,2,3,4,3,4,0,2,1,2,2,2,6,0,0,2,0,5,2,1,1,1,2,1,3,3,1,4
Softdrink Wasser to go,1,0,0,0,0,1,6,1,4,0,1,0,1,0,0,0,0,0,4,2,2,0,0,0,0,0,0,2,0,0,0
Special Latte Chocolate Latte here,0,1,1,0,0,0,1,0,0,0,0,0,1,0,0,0,0,0,0,0,0,0,0,0,0,0,1,0,0,0,1
Special Latte Chocolate Latte to go,0,0,0,0,0,0,0,0,0,0,0,0,0,0,0,0,0,0,0,0,0,0,0,0,1,0,0,0,0,0,0
Special Latte Latte Caramel here,1,9,3,6,7,6,4,2,2,7,7,6,2,10,4,7,5,0,3,3,4,1,4,0,0,8,12,4,0,3,5
Special Latte Latte Caramel to go,2,3,1,4,4,0,1,0,0,1,0,0,2,2,0,2,2,0,3,1,0,1,1,1,0,2,0,0,1,1,0
Special Latte Tiramisu Latte here,0,0,0,0,0,0,0,0,0,0,0,0,0,0,0,0,0,0,1,0,0,0,0,0,0,0,0,0,0,0,0
Special Latte Tiramisu Latte to go,1,0,0,0,0,0,0,0,0,0,0,0,0,0,0,0,0,0,0,0,0,0,0,0,0,0,0,0,0,0,0
Special Latte White Banana Chocolate here,0,0,0,0,0,1,0,0,0,0,0,0,0,0,0,0,0,0,0,0,0,0,0,0,0,0,0,0,0,0,0
Tea here,0,2,2,3,0,0,4,1,1,2,3,1,2,6,5,3,5,1,3,3,4,2,1,1,3,1,7,4,1,4,4
Tea to go,2,0,0,0,0,0,0,2,2,0,1,1,0,1,0,0,1,1,0,0,0,0,0,1,2,0,0,1,2,0,0