 Datum,01.08.11,02.08.11,03.08.11,04.08.11,05.08.11,06.08.11,07.08.11,08.08.11,09.08.11,10.08.11,11.08.11,12.08.11,13.08.11,14.08.11,15.08.11,16.08.11,17.08.11,18.08.11,19.08.11,20.08.11,21.08.11,22.08.11,23.08.11,24.08.11,25.08.11,26.08.11,27.08.11,28.08.11,29.08.11,30.08.11,31.08.11
Bagel Cream Cheese here,1,2,1,2,4,2,0,1,2,2,2,6,3,0,0,6,2,2,3,0,2,1,1,3,3,2,4,1,0,4,2
Bagel Cream Cheese to go,1,0,1,2,0,0,0,0,4,0,0,0,0,0,0,0,0,0,0,0,0,0,0,0,0,0,0,1,1,0,0
Bagel Fitness here,4,4,5,4,7,7,3,2,1,8,5,1,5,2,1,8,5,5,3,1,2,3,2,4,0,2,4,0,5,3,2
Bagel Fitness to go,1,0,4,4,0,1,2,2,1,2,0,0,0,2,1,0,2,0,2,1,1,2,0,2,2,3,0,0,3,3,2
Bagel Green Garden here,0,2,0,1,1,0,1,0,3,0,1,0,1,1,1,5,2,2,1,0,0,3,1,0,1,0,2,0,1,0,2
Bagel Green Garden to go,0,1,0,0,0,0,0,2,0,0,0,0,0,0,2,0,0,0,0,0,0,0,0,0,0,0,0,0,0,0,0
Bagel India here,1,3,2,1,2,3,2,2,0,2,5,0,4,2,2,4,0,3,1,0,0,1,1,0,2,3,1,2,1,1,2
Bagel India to go,0,0,0,0,0,0,1,0,0,0,0,0,1,0,0,0,1,0,0,0,0,0,0,0,1,2,0,0,0,0,0
Bagel Mexico here,3,3,2,5,3,8,3,2,3,6,9,2,5,3,4,1,3,6,2,6,4,4,3,4,0,4,11,8,8,7,4
Bagel Mexico to go,1,0,1,1,0,0,1,0,0,0,0,1,0,0,1,0,0,0,1,2,0,0,0,1,0,0,0,0,0,0,0
Bagel Morning Star here,0,1,0,0,1,1,0,1,1,1,2,1,3,0,1,1,1,2,1,1,0,1,0,1,0,0,2,0,1,1,0
Bagel Morning Star to go,0,0,0,0,0,0,0,0,1,1,1,0,0,0,0,0,0,0,0,0,0,0,0,0,1,1,0,0,0,0,1
Bagel Peanut Butter here,0,0,0,0,0,0,1,0,0,0,0,0,1,0,0,0,0,0,0,0,0,0,0,0,0,0,0,0,0,1,0
Bagel plain here,1,0,1,0,1,3,0,0,0,1,0,2,1,3,1,0,0,1,2,0,0,0,0,3,0,0,10,0,1,0,0
Bagel plain to go,0,0,2,1,0,0,0,0,0,1,1,5,1,1,0,0,4,0,0,2,0,2,5,2,1,3,0,0,0,0,6
Bagel Roma oder Florenz here,10,11,9,9,5,6,3,6,12,13,12,10,15,6,7,10,8,6,7,9,3,10,6,6,5,10,12,7,9,6,9
Bagel Roma oder Florenz to go,1,3,3,3,3,1,1,3,1,3,1,1,2,1,2,4,2,2,2,0,0,1,2,3,6,1,0,0,1,1,1
Bagel Stulle Deluxe here,2,3,5,6,3,5,1,1,3,3,3,4,2,2,3,4,2,3,4,2,1,3,2,3,1,1,2,2,2,0,3
Bagel Stulle Deluxe to go,0,1,1,0,1,0,0,4,1,1,1,2,0,2,1,1,2,0,1,0,1,1,0,1,1,2,0,0,0,4,1
Brezel Butter here,0,1,2,2,2,2,1,0,1,0,1,3,0,0,1,0,0,0,1,1,0,0,1,0,0,0,0,0,0,2,0
Brezel Butter to go,0,0,0,0,0,0,0,1,0,0,0,0,0,0,0,2,0,0,0,0,0,0,0,0,0,0,1,0,0,0,0
Brezel plain here,4,2,1,0,4,3,4,3,3,5,1,1,2,4,2,1,0,0,2,2,3,0,0,3,1,1,5,1,3,1,1
Brezel plain to go,3,2,0,2,1,2,1,0,1,1,1,1,0,0,0,1,3,2,0,1,0,0,3,1,0,2,0,0,0,0,3
Cafe Creme groﬂ  here,3,1,7,2,4,2,1,2,5,3,6,4,2,4,6,4,2,3,5,3,2,4,2,0,3,2,7,2,1,4,1
Cafe Creme groﬂ  to go,3,0,0,1,3,1,3,8,8,4,3,4,8,1,1,0,3,0,0,1,3,2,2,3,2,4,3,1,4,7,1
Cafe Creme klein  here,10,8,15,14,15,9,8,16,7,13,11,16,8,6,7,8,9,16,10,12,2,7,6,5,4,12,9,6,6,10,11
Cafe Creme klein  to go,8,9,8,5,6,5,3,10,15,17,11,6,7,0,11,6,5,2,4,2,2,4,1,1,5,3,4,5,2,5,5
Caffe Latte mit Sirup here,1,0,4,2,1,2,1,3,5,1,2,2,3,3,2,2,0,1,0,0,1,1,1,0,0,0,2,1,2,1,3
Caffe Latte mit Sirup to go,2,0,1,0,0,0,4,2,0,4,0,3,1,1,2,1,1,0,1,1,0,0,1,0,0,2,1,1,1,3,0
Caffe Latte ohne Sirup here,18,10,16,14,11,15,11,29,17,11,15,15,17,7,16,13,12,18,9,10,6,8,4,14,15,8,19,14,15,17,13
Caffe Latte ohne Sirup to go,3,7,11,3,7,3,3,13,16,10,8,10,6,4,8,8,8,5,7,5,5,4,3,4,7,3,10,10,7,19,8
Cappuccino groﬂ  here,11,6,7,10,11,11,5,11,11,13,10,8,14,4,8,6,7,6,7,8,1,7,5,4,6,6,12,10,16,3,6
Cappuccino groﬂ  to go,7,8,2,3,3,2,6,5,7,5,6,6,5,3,2,9,5,4,2,1,1,6,2,4,5,2,7,3,7,5,7
Cappuccino klein  here,13,14,17,17,35,17,10,19,21,25,25,20,19,7,16,15,7,14,5,3,4,6,5,8,15,14,18,5,18,15,19
Cappuccino klein  to go,4,2,0,3,4,3,4,3,6,10,6,1,4,2,5,4,0,4,2,2,0,3,3,1,4,0,1,3,4,2,7
Chai Tea groﬂ Chai Banana here,0,1,0,0,0,1,1,1,1,1,0,0,2,0,0,1,0,0,0,0,0,0,0,0,0,0,1,0,2,0,0
Chai Tea groﬂ Chai Banana to go,0,0,0,0,0,0,1,0,0,0,0,1,0,0,0,0,0,0,0,0,0,0,0,0,0,0,1,0,0,2,0
Chai Tea groﬂ Chai Tea Latte here,4,1,1,2,2,3,1,3,7,2,5,9,2,1,3,3,0,1,4,3,3,0,2,0,4,2,10,2,5,6,5
Chai Tea groﬂ Chai Tea Latte to go,1,0,2,2,2,1,5,1,1,3,2,4,2,0,1,0,0,0,2,1,0,0,0,0,3,0,1,5,0,2,2
Chai Tea klein Chai Banana here,0,0,0,0,0,0,0,0,0,1,0,0,0,0,1,0,0,0,0,0,0,0,0,0,0,0,0,0,0,0,0
Chai Tea klein Chai Tea Latte here,2,0,2,1,2,2,1,6,4,1,2,0,4,1,1,2,0,1,2,2,0,1,1,5,4,2,6,3,2,5,1
Chai Tea klein Chai Tea Latte to go,0,0,0,0,2,0,3,1,1,3,0,1,0,0,1,0,1,2,0,1,1,0,0,0,0,1,0,2,0,1,0
Chocolate groﬂ Bio-Kakao here,0,0,1,0,0,0,0,0,0,0,0,0,0,1,0,0,0,0,0,0,0,0,1,0,0,0,0,0,0,0,0
Chocolate groﬂ Bio-Kakao to go,0,0,0,0,0,0,1,0,0,0,0,0,0,0,0,0,0,0,0,0,0,0,0,0,0,0,0,0,0,0,0
Chocolate groﬂ black here,0,1,0,0,3,0,0,3,5,1,0,2,2,0,0,1,0,0,1,1,2,2,0,0,1,0,5,0,0,3,4
Chocolate groﬂ black to go,0,0,0,2,0,0,0,0,0,2,0,0,1,1,1,0,0,0,0,0,0,0,0,0,0,0,0,0,0,2,1
Chocolate groﬂ white here,0,0,0,0,0,1,1,1,2,1,0,0,0,0,2,0,0,0,1,0,0,0,0,0,0,0,4,2,0,0,2
Chocolate groﬂ white to go,0,0,0,0,0,1,1,0,0,0,0,0,0,0,1,0,0,0,0,0,1,0,0,1,0,0,0,0,1,1,1
Chocolate klein Bio-Kakao here,0,0,0,0,0,0,0,1,0,0,0,0,1,0,0,0,0,0,2,0,0,1,0,0,0,0,0,0,0,0,0
Chocolate klein Bio-Kakao to go,0,0,0,0,0,0,1,0,0,0,0,0,0,0,0,0,0,0,0,0,0,0,0,0,0,0,0,0,0,0,0
Chocolate klein black here,5,0,2,2,3,3,6,5,2,4,3,2,3,4,2,1,1,0,4,0,3,0,0,1,2,0,6,5,3,2,0
Chocolate klein black to go,0,1,1,0,1,1,0,0,0,0,1,0,1,1,1,0,0,1,2,0,1,0,0,0,0,0,1,0,2,1,0
Chocolate klein white here,1,0,0,0,0,1,1,0,1,1,0,0,1,1,1,1,0,0,1,1,0,0,0,0,0,5,2,0,2,1,0
Chocolate klein white to go,0,1,0,1,0,2,0,0,1,0,0,0,0,1,0,0,0,0,2,0,0,0,0,0,0,0,0,0,0,0,0
Cookie here,5,3,5,3,6,6,4,6,5,6,8,2,6,5,7,6,0,5,2,2,5,2,3,6,6,4,7,2,2,1,6
Cookie to go,1,0,4,0,3,1,1,0,7,4,5,6,2,2,5,4,4,2,1,3,0,2,2,5,5,0,0,6,1,6,2
Cool Latte Iced Caffe here,5,0,1,1,11,5,1,1,3,1,5,0,7,4,3,3,6,3,4,5,6,2,4,8,3,5,2,0,2,2,0
Cool Latte Iced Caffe to go,5,5,4,0,0,3,2,2,1,3,1,3,5,2,1,3,4,6,0,5,5,5,4,3,4,7,1,1,1,2,2
Cool Latte Iced Espresso here,2,3,3,1,4,1,0,1,0,2,0,1,2,1,1,1,3,3,2,2,0,4,0,4,0,2,0,0,0,2,1
Cool Latte Iced Espresso to go,0,1,0,0,0,0,0,0,0,2,0,0,0,0,0,2,1,3,0,2,2,0,1,5,1,1,0,0,1,3,1
Cool Latte Iced Macchiato here,13,8,7,9,4,20,2,5,1,9,8,7,5,1,4,9,9,9,13,6,13,15,2,12,8,11,2,5,3,5,5
Cool Latte Iced Macchiato to go,9,3,2,9,2,3,4,1,0,5,1,0,6,1,13,1,5,4,12,1,4,5,4,5,6,4,0,5,1,2,3
Donut here,10,1,6,3,3,9,12,11,7,6,6,7,9,3,7,4,5,2,4,1,4,1,1,8,6,3,15,3,3,4,12
Donut to go,5,2,3,2,4,1,6,10,6,4,3,5,4,3,3,0,0,1,3,0,3,8,3,11,11,2,1,2,6,6,2
Eis here,0,0,1,0,0,0,0,0,0,2,0,0,2,0,0,0,0,0,1,0,1,0,0,0,0,0,0,1,0,1,0
Eis to go,0,0,0,0,1,0,0,0,0,0,0,0,0,0,0,0,0,0,0,0,0,0,0,0,1,0,0,0,0,0,0
Eiskaffee here,3,20,9,12,21,21,13,3,4,7,5,4,12,4,6,7,28,12,9,17,6,13,12,15,19,18,5,8,4,5,9
Eiskaffee to go,10,2,2,2,0,2,4,0,0,2,1,1,4,4,1,2,9,10,2,3,4,4,4,6,2,6,0,0,1,3,0
Eisschokolade here,6,8,3,10,5,5,3,7,4,2,5,5,6,4,2,9,8,4,5,8,8,2,9,6,7,3,5,3,4,2,4
Eisschokolade to go,3,1,5,6,0,0,2,3,0,4,0,1,2,0,0,2,3,4,1,1,2,4,0,2,2,6,0,1,3,0,2
Eistee here,3,6,5,1,4,5,1,2,4,8,0,3,4,3,1,3,7,9,7,4,0,3,3,2,2,3,2,1,0,0,1
Eistee to go,1,1,0,1,2,1,1,1,0,3,0,0,2,2,0,3,2,2,2,2,3,0,0,2,1,1,0,0,1,0,1
Espresso groﬂ Barista here,0,2,0,0,3,0,0,2,0,1,0,0,1,0,1,0,0,0,1,0,1,1,2,0,1,0,0,0,0,0,0
Espresso groﬂ Barista to go,0,0,0,1,0,0,0,0,0,0,0,0,0,0,0,0,0,0,0,0,0,0,0,0,0,0,0,0,0,0,0
Espresso groﬂ Cuba here,0,0,1,0,1,1,0,0,0,0,0,0,0,0,0,0,0,0,0,0,0,0,1,0,0,1,1,0,0,1,0
Espresso groﬂ Cuba to go,0,1,0,0,0,0,1,0,1,0,1,1,1,0,0,0,0,0,0,0,0,0,0,0,0,0,0,0,0,0,0
Espresso groﬂ Lungo here,0,0,0,0,0,0,0,0,0,1,0,0,0,1,0,0,0,1,0,0,0,1,0,0,0,0,0,0,0,0,0
Espresso groﬂ Macchiato here,0,0,1,1,1,1,1,1,0,3,0,1,0,1,1,0,0,2,0,0,1,1,0,1,2,1,1,1,1,2,0
Espresso groﬂ Macchiato to go,0,0,0,0,0,0,0,0,2,1,2,0,0,1,0,0,0,0,0,0,0,0,0,0,0,0,0,0,0,0,0
Espresso groﬂ Originale here,4,1,0,0,2,6,0,0,2,7,1,0,2,2,1,1,2,0,2,1,2,2,2,1,9,7,1,1,3,0,3
Espresso groﬂ Originale to go,0,0,0,0,2,2,1,0,1,1,2,0,0,0,0,0,2,0,0,0,0,0,0,2,1,2,0,1,1,2,1
Espresso groﬂ Unplugged here,0,0,1,0,0,1,0,0,0,1,0,0,0,0,1,0,0,2,1,0,0,1,0,0,0,0,0,0,1,0,0
Espresso groﬂ Unplugged to go,0,0,0,0,0,0,0,0,0,1,0,0,0,0,0,0,0,0,0,0,0,0,0,0,0,0,0,0,0,0,0
Espresso klein Barista here,0,0,0,1,1,1,1,0,0,2,0,1,1,0,0,0,1,1,0,1,1,0,1,1,0,0,0,0,0,0,0
Espresso klein Barista to go,0,0,0,0,0,0,0,0,1,0,0,0,0,0,0,0,1,0,0,0,0,0,0,0,0,0,0,0,0,0,1
Espresso klein Cuba here,0,1,0,0,1,1,0,0,1,1,1,0,0,0,2,0,0,3,1,1,1,2,0,0,1,1,0,0,1,0,1
Espresso klein Cuba to go,0,0,0,0,0,0,1,0,1,0,0,0,0,0,0,0,0,0,0,0,0,0,0,0,0,0,0,0,0,0,0
Espresso klein Lungo here,0,0,2,0,0,1,1,0,2,1,0,1,0,0,0,0,0,0,0,0,0,0,0,0,0,0,1,0,0,0,0
Espresso klein Lungo to go,0,0,0,0,0,0,0,1,0,0,0,0,0,0,0,0,0,0,0,0,0,0,0,0,0,0,0,0,0,0,0
Espresso klein Macchiato here,1,0,4,0,3,2,3,3,2,3,0,3,1,1,1,0,1,3,1,2,0,0,0,1,3,2,2,0,4,3,2
Espresso klein Macchiato to go,1,0,0,0,0,0,2,0,1,0,0,0,0,0,0,0,1,1,2,0,0,0,0,0,1,0,1,0,1,0,0
Espresso klein Orange here,0,0,1,0,0,0,2,0,0,1,0,0,0,1,1,0,1,2,1,0,2,1,0,1,0,0,0,1,0,0,0
Espresso klein Orange to go,0,0,0,0,0,0,1,0,0,1,0,0,0,0,0,0,0,0,0,0,0,0,0,0,0,0,0,0,0,0,0
Espresso klein Originale here,7,6,6,5,4,5,10,6,7,2,7,5,2,2,5,6,6,6,6,5,4,4,4,4,7,1,5,7,6,4,8
Espresso klein Originale to go,0,0,0,0,1,1,0,0,1,0,0,0,0,0,1,0,0,0,0,0,0,0,1,0,0,1,0,0,1,0,1
Espresso klein Unplugged here,2,0,0,0,0,2,1,1,1,1,0,0,1,0,0,0,1,0,0,2,0,0,0,1,0,0,1,0,0,0,0
Espresso klein Unplugged to go,0,0,0,0,0,0,0,0,1,0,0,0,0,0,0,0,0,0,0,0,0,0,0,0,0,0,0,0,0,0,0
Espresso Latte here,8,1,3,5,5,3,6,2,3,5,2,4,5,3,2,5,1,2,4,3,1,1,0,1,1,3,6,2,5,2,2
Espresso Latte to go,0,0,0,0,0,2,0,1,2,0,1,0,4,1,0,1,2,0,0,2,0,0,0,0,0,1,1,1,1,1,3
Frappe black here,3,6,2,1,1,2,2,2,0,1,6,3,4,3,6,7,5,4,3,3,3,6,6,1,7,6,5,2,1,3,2
Frappe black to go,4,4,3,5,2,4,4,0,0,1,0,0,4,0,2,2,3,1,5,5,1,8,4,4,1,6,1,1,1,0,3
Frappe white here,4,2,3,1,0,3,0,1,0,2,3,4,3,4,7,4,5,1,5,10,4,3,0,6,6,6,4,1,2,4,6
Frappe white to go,2,4,2,2,1,3,2,1,2,3,0,2,3,4,1,3,7,3,7,5,2,2,2,4,5,12,0,0,5,1,2
Fruchtsaft frisch groﬂ  here,2,0,0,0,0,0,0,0,1,0,2,1,0,0,0,1,0,1,0,0,0,0,0,0,0,0,0,0,0,0,0
Fruchtsaft frisch klein  here,0,0,1,0,0,1,1,0,1,2,0,0,1,0,2,0,0,2,0,1,0,1,1,1,3,1,0,0,0,1,0
Fruchtsaft frisch klein  to go,0,0,0,0,0,0,0,0,0,0,0,0,0,0,0,0,0,1,0,0,0,0,0,0,0,0,0,0,0,0,0
Iced Chai Latte here,5,5,1,3,4,5,0,2,0,5,2,3,2,1,3,0,5,2,6,3,0,3,7,7,4,7,1,1,3,4,2
Iced Chai Latte to go,5,2,1,2,0,1,3,3,0,0,0,0,3,1,0,2,1,3,3,0,2,6,2,2,1,3,1,2,0,2,3
Iced Espresso here,1,0,0,0,0,0,0,0,0,0,0,0,0,0,0,0,0,1,0,0,0,0,0,0,0,0,0,0,0,0,0
Iced Espresso to go,1,0,0,0,0,0,0,0,0,0,0,0,0,0,0,0,0,0,0,0,0,0,0,0,0,0,0,0,0,0,0
Kaffee here,17,8,11,8,4,11,3,7,4,12,8,8,7,6,9,9,9,12,7,4,1,10,4,9,11,6,12,8,14,7,9
Kaffee to go,1,3,2,2,1,1,1,2,3,2,5,3,2,0,4,4,0,0,1,2,0,1,1,3,1,1,2,0,4,3,1
Kaffeeverkauf Espressobohnen groﬂ Espresso Barista here,0,0,0,0,0,0,0,0,0,0,0,0,0,0,0,0,0,0,0,0,0,0,0,0,1,0,0,0,0,0,0
Kaffeeverkauf Espressobohnen groﬂ Espresso Barista to go,0,0,0,0,0,0,0,0,0,0,0,0,0,0,0,0,0,0,0,0,0,0,0,0,0,0,0,0,0,2,0
Kaffeeverkauf Espressobohnen groﬂ Espresso Cuba to go,0,0,0,0,0,0,0,0,0,0,0,1,0,0,0,0,0,0,0,0,0,0,0,0,0,0,0,0,0,2,0
Kaffeeverkauf Espressobohnen groﬂ Espresso Originale to go,1,0,0,0,0,1,0,0,0,0,0,0,0,0,0,0,0,0,0,0,0,0,0,0,1,0,0,0,0,0,0
Kaffeeverkauf Espressobohnen groﬂ Unplugged here,0,0,0,0,0,0,0,0,0,0,0,0,1,0,0,0,0,0,0,0,0,0,0,0,0,0,0,0,0,0,0
Kaffeeverkauf Espressobohnen groﬂ Unplugged to go,0,1,0,0,0,1,0,0,0,0,0,1,0,0,0,0,0,0,0,0,0,1,0,0,0,0,0,0,0,0,0
Kaffeeverkauf Espressobohnen klein Espresso Barista to go,1,0,0,0,0,0,0,1,0,0,0,0,1,0,0,0,0,0,0,0,0,0,1,0,0,0,0,0,0,0,0
Kaffeeverkauf Espressobohnen klein Espresso Coffeinfrei to go,0,0,0,1,0,0,0,0,0,0,0,0,0,0,0,0,0,0,0,0,0,0,1,0,0,0,0,0,0,0,0
Kaffeeverkauf Espressobohnen klein Espresso Cuba to go,0,0,0,1,0,0,0,0,0,0,0,0,0,0,0,0,0,0,0,0,0,0,0,0,0,0,0,0,0,0,0
Kaffeeverkauf Espressobohnen klein Espresso Originale to go,0,0,0,0,0,1,0,0,0,0,0,0,0,0,0,0,0,0,0,0,0,0,0,0,0,1,0,0,0,1,0
Kaffeeverkauf Espressobohnen klein Unplugged here,0,0,0,0,0,0,0,0,0,0,0,0,0,0,0,0,0,1,0,0,0,0,0,0,0,0,0,0,0,0,0
Kaffeeverkauf Goldline Blue Mountain to go,0,0,0,0,0,0,0,0,0,0,0,0,0,0,0,0,1,0,0,0,0,0,0,0,0,0,0,0,0,0,0
Kaffeeverkauf sortenrein groﬂ Kenya Arabica AA to go,0,0,0,0,3,0,0,0,0,0,0,0,0,0,0,0,0,1,0,0,0,0,0,0,0,0,0,0,0,1,0
Kaffeeverkauf sortenrein groﬂ Mexiko Organico to go,0,0,0,0,0,0,0,0,0,1,0,0,1,0,0,0,0,0,0,0,0,0,0,0,0,0,0,0,0,0,0
Kaffeeverkauf sortenrein groﬂ Peru to go,0,0,0,0,0,0,0,0,0,1,0,0,0,0,0,0,0,0,0,0,0,0,0,0,0,0,0,0,0,0,0
Kaffeeverkauf sortenrein klein ƒthiopischer Mocca to go,0,0,1,0,0,0,0,0,0,0,0,0,0,0,0,0,0,0,0,0,0,0,0,0,0,0,0,0,0,0,0
Kaffeeverkauf sortenrein klein Costa Rica here,0,0,0,0,0,0,0,0,0,0,0,0,0,0,0,0,0,0,0,0,0,0,0,0,0,0,1,0,0,0,0
Kaffeeverkauf sortenrein klein Costa Rica to go,0,0,0,1,0,0,0,0,0,0,0,0,0,0,0,0,0,0,0,0,0,0,0,0,0,0,0,0,0,0,0
Kaffeeverkauf sortenrein klein Guatemala here,0,0,0,0,0,0,0,0,0,0,0,0,0,0,0,0,0,1,0,0,0,0,0,0,0,0,0,0,0,0,0
Kaffeeverkauf sortenrein klein Guatemala to go,0,1,0,0,0,0,0,0,0,0,0,1,0,0,0,0,0,0,0,0,0,0,0,0,0,0,0,0,0,0,0
Kaffeeverkauf sortenrein klein India Malabar to go,0,0,0,0,0,0,0,0,0,0,0,0,0,0,0,0,0,0,0,0,0,0,0,0,0,0,0,0,1,0,0
Kaffeeverkauf sortenrein klein Java here,0,0,0,0,0,0,0,0,0,0,0,0,0,0,0,0,0,0,0,0,0,0,0,0,0,0,1,0,0,0,0
Kaffeeverkauf sortenrein klein Java to go,0,0,0,1,0,0,1,0,0,0,0,0,0,0,0,0,0,0,0,0,0,0,0,0,0,0,0,0,1,0,0
Kaffeeverkauf sortenrein klein Kenya Arabica AA to go,0,0,0,0,0,0,0,0,1,0,0,0,0,0,0,0,0,0,0,0,0,0,0,0,0,0,0,0,1,0,0
Kaffeeverkauf sortenrein klein Mexiko Organico to go,0,0,1,0,0,0,0,0,0,0,1,1,0,0,0,0,0,0,0,0,0,0,0,0,0,0,0,0,0,0,0
Kaffegetr‰nk groﬂ Java here,0,0,0,0,0,0,0,0,0,0,0,0,0,0,0,0,0,0,0,0,0,0,0,0,0,0,2,1,0,0,0
Kaffegetr‰nk groﬂ Kenya Arabica AA here,0,0,0,0,0,0,0,0,0,0,0,0,0,0,0,0,0,0,0,0,1,0,0,0,0,0,0,1,0,0,0
Kaffegetr‰nk groﬂ Mexiko Organico here,0,0,0,0,0,0,0,0,0,0,0,1,0,0,0,0,0,0,1,0,1,0,0,0,0,0,0,1,0,0,0
Kaffegetr‰nk groﬂ Peru here,0,0,0,0,0,0,0,0,1,0,1,1,0,0,0,0,0,0,0,0,0,0,0,0,0,0,0,0,0,0,0
Kaffegetr‰nk klein Kenya Arabica AA to go,0,0,0,1,0,0,0,0,0,0,0,0,0,0,0,0,0,0,0,0,0,0,0,0,0,0,0,0,0,0,0
Kaffegetr‰nk klein Mexiko Organico here,1,0,0,1,0,1,1,0,1,1,1,0,0,1,1,1,1,1,0,0,0,1,1,1,1,0,0,0,0,1,0
Kaffegetr‰nk klein Mexiko Organico to go,0,0,0,0,0,0,0,0,0,0,0,0,0,0,0,0,0,0,0,0,1,0,0,0,0,0,0,0,0,0,0
Kaffegetr‰nk klein Peru here,0,0,0,0,0,0,0,0,0,0,0,0,0,0,0,0,2,0,0,0,0,0,0,0,0,0,0,0,0,0,0
Kaffegetr‰nk klein Wiener Melange here,0,0,0,0,0,0,0,0,0,0,0,0,0,0,0,0,0,0,0,0,0,0,1,0,0,0,0,0,0,0,0
Kaffeverkauf Hausmischung groﬂ Cafe Creme to go,0,1,0,0,0,0,0,0,0,0,0,0,0,0,1,0,0,0,0,0,0,0,0,0,0,0,0,0,0,0,0
Kaffeverkauf Hausmischung klein Cafe Creme here,0,0,1,0,0,0,0,1,0,0,0,0,0,0,0,0,0,0,0,1,0,0,0,0,0,0,0,0,0,0,0
Kaffeverkauf Hausmischung klein Cafe Creme to go,0,0,0,0,0,0,0,0,0,0,0,0,0,0,0,0,0,0,0,0,0,0,0,2,0,0,0,0,0,0,0
Kaffeverkauf Hausmischung klein Cafe entcoffeiniert here,0,0,0,0,0,0,0,1,0,0,0,0,0,0,0,0,0,0,0,0,0,0,0,0,0,0,0,0,0,0,0
Kaffezusatz Espresso Shot here,0,0,2,1,0,0,0,0,1,0,1,0,2,0,0,3,0,1,1,0,0,1,0,1,0,1,3,0,0,1,3
Kaffezusatz Espresso Shot to go,0,2,0,0,1,2,0,0,4,1,1,0,0,0,1,0,0,0,0,2,0,1,0,1,1,0,0,0,0,1,0
Kaffezusatz Flavour Shot here,2,1,1,4,3,6,1,5,1,3,2,2,1,1,2,4,6,1,1,4,2,5,2,3,2,5,1,2,2,2,4
Kaffezusatz Flavour Shot to go,3,1,0,2,0,3,0,2,1,0,1,0,2,1,2,0,2,3,5,5,1,2,0,2,4,0,1,0,0,1,2
Kaffezusatz Lac.-frei here,6,1,6,1,4,7,1,3,4,8,7,5,8,6,2,3,5,5,2,3,5,0,3,5,6,3,2,4,5,7,11
Kaffezusatz Lac.-frei to go,0,0,2,2,1,1,2,1,1,0,1,0,0,6,3,2,2,0,3,3,2,2,1,0,1,1,2,0,2,2,2
Kaffezusatz Sahne here,2,0,0,0,1,1,2,3,0,0,0,1,3,2,0,0,0,0,0,0,2,0,0,0,0,1,2,0,0,0,0
Kaffezusatz Sahne to go,0,0,0,0,0,1,0,0,0,0,0,0,0,0,0,0,0,0,1,0,0,0,0,0,0,0,0,0,0,0,0
Kaffezusatz Soja here,3,3,6,1,1,5,1,6,3,5,2,2,6,0,1,2,1,3,0,1,1,3,6,6,4,4,8,0,6,6,5
Kaffezusatz Soja to go,3,2,1,1,2,1,1,2,1,0,0,1,4,2,1,0,2,1,2,3,3,1,4,3,1,0,0,1,3,5,0
Kapuziner groﬂ  here,0,0,1,0,0,0,1,1,1,2,0,0,0,0,1,0,0,1,0,0,0,0,0,3,0,1,4,0,0,0,0
Kapuziner groﬂ  to go,0,0,0,0,0,0,0,0,0,0,0,0,0,0,0,0,0,0,0,0,0,0,0,0,0,0,0,2,0,0,0
Kapuziner klein  here,0,0,0,0,0,0,0,1,3,1,0,0,0,0,0,0,0,0,2,0,0,0,0,0,0,1,0,1,1,0,0
Kapuziner klein  to go,0,0,0,0,0,0,0,0,0,0,0,0,0,0,0,0,0,0,0,1,0,0,0,0,0,0,0,0,0,0,0
Kuchen here,2,3,0,1,0,13,19,8,6,2,0,0,16,11,4,1,3,0,0,11,11,3,0,0,1,0,22,7,1,2,1
Kuchen to go,1,0,0,0,0,0,2,0,0,3,0,0,2,3,0,0,0,0,0,1,6,0,0,0,0,0,1,1,1,0,0
Latte Macchiato mit Sirup here,7,5,7,7,9,10,11,7,14,5,13,9,12,6,14,7,5,4,3,6,1,3,0,3,9,4,12,13,15,7,11
Latte Macchiato mit Sirup to go,4,4,3,4,6,7,5,3,4,8,7,6,2,2,2,3,1,4,2,3,4,2,1,3,3,2,8,0,5,4,4
Latte Macchiato ohne Sirup here,19,10,31,19,21,21,19,38,25,32,32,19,33,16,25,20,15,12,20,13,9,5,10,16,17,13,44,15,39,22,30
Latte Macchiato ohne Sirup to go,8,7,11,8,11,12,13,14,16,19,7,10,10,5,12,11,15,5,21,8,9,4,4,5,8,7,17,2,12,11,14
Milk groﬂ  to go,0,0,0,0,0,0,0,0,0,0,0,0,0,0,0,0,0,0,0,0,0,1,0,0,0,0,0,0,0,0,0
Milk klein  here,0,0,0,0,0,0,0,0,0,0,0,0,0,0,0,0,0,0,0,3,0,0,0,0,0,0,0,0,0,0,0
Mocca groﬂ black here,0,1,1,0,1,2,2,2,1,0,1,3,7,1,3,1,1,1,0,0,0,0,0,2,0,1,3,2,2,2,2
Mocca groﬂ black to go,2,0,1,0,1,0,0,1,1,3,3,4,0,0,0,1,3,0,0,0,0,1,1,3,1,3,1,0,2,0,1
Mocca groﬂ white here,2,2,3,0,2,3,2,5,3,1,1,3,2,1,1,1,4,0,1,3,2,0,1,2,1,0,2,1,1,3,1
Mocca groﬂ white to go,1,2,1,3,2,0,2,3,3,5,1,1,4,0,1,0,1,1,5,0,2,0,1,0,0,0,2,0,1,3,1
Mocca klein black here,0,0,1,0,2,1,1,6,1,2,2,6,3,2,2,3,0,1,0,1,1,0,1,3,0,0,1,2,2,3,0
Mocca klein black to go,0,0,1,0,0,1,0,0,2,2,0,1,1,1,2,1,0,0,0,1,1,0,0,1,1,1,1,0,1,1,0
Mocca klein white here,4,2,2,1,1,1,0,2,2,1,4,1,1,2,6,2,0,2,1,1,0,1,0,0,1,1,8,3,2,1,3
Mocca klein white to go,0,0,0,1,1,0,0,1,1,0,0,0,1,1,0,1,0,1,0,2,0,0,0,0,0,1,2,1,0,0,0
MoccaSin here,1,3,0,1,1,0,6,0,2,2,3,0,3,0,4,1,0,0,1,0,0,0,0,0,0,0,3,1,2,1,0
MoccaSin to go,0,0,0,0,0,1,1,1,0,0,0,0,0,0,0,0,0,0,0,0,0,1,0,1,0,0,0,0,2,0,0
Muffin here,25,17,30,17,32,20,22,24,29,26,32,27,17,18,33,23,23,22,26,15,10,10,8,14,20,24,42,25,28,15,17
Muffin to go,3,14,7,7,8,8,15,5,11,13,8,10,5,8,9,9,14,6,9,6,12,10,4,8,11,4,5,8,4,13,11
M¸sli here,0,0,0,0,0,0,0,0,1,0,1,0,0,0,0,0,0,0,1,0,0,0,1,0,0,0,0,0,0,0,0
M¸sli to go,0,1,0,0,1,0,0,0,0,0,0,0,0,0,0,0,0,1,0,0,0,0,0,0,0,0,0,1,0,0,0
Nebenprodukte MoccaSin Chocolate white to go,0,0,0,0,0,2,0,0,0,0,0,0,0,0,0,0,0,0,0,0,0,0,0,0,0,0,0,0,0,0,0
Nebenprodukte Sirup groﬂ to go,0,0,0,0,0,0,0,0,0,0,0,0,0,0,0,0,0,0,0,0,0,0,0,1,0,0,0,0,0,0,0
Preis here,1,1,2,0,1,1,1,1,3,0,2,2,1,1,0,0,1,0,2,0,1,1,2,0,0,1,1,0,1,1,0
Preis to go,2,0,1,3,1,0,1,0,0,0,0,3,0,0,3,2,1,5,0,0,1,2,0,1,0,1,1,0,0,0,1
Shake here,17,9,16,10,7,8,9,4,12,8,16,9,15,5,8,8,15,10,12,9,6,8,13,9,7,5,12,10,6,9,11
Shake to go,5,3,5,3,6,2,2,1,0,4,2,0,7,3,0,2,7,10,2,4,6,6,14,5,3,2,3,0,0,4,6
Smoothie plain here,11,22,26,24,22,27,8,9,8,12,21,6,21,17,29,16,20,32,27,20,12,13,31,23,27,15,4,6,9,9,16
Smoothie plain to go,13,20,6,19,5,9,7,5,5,5,10,3,16,5,12,8,13,18,14,22,9,15,23,13,18,18,5,4,2,13,8
Softdrink Bionade here,2,2,4,2,7,6,2,6,1,1,4,2,6,5,2,2,3,5,4,0,0,0,2,6,1,4,1,0,1,4,1
Softdrink Bionade to go,1,3,0,1,0,0,1,2,1,0,0,0,0,1,1,0,2,0,0,0,0,0,0,4,1,0,0,0,0,0,0
Softdrink Bottle AFG here,4,4,0,9,6,6,2,5,6,4,6,7,8,1,2,2,2,6,1,8,1,7,1,4,7,5,1,6,3,7,4
Softdrink Bottle AFG to go,1,1,0,0,4,2,1,0,2,1,4,3,0,2,2,0,1,0,1,0,0,3,0,0,7,1,0,1,1,4,0
Softdrink Wasser here,2,2,4,2,4,4,4,6,3,2,4,2,10,5,0,4,3,4,4,5,2,3,3,6,2,7,7,6,4,1,9
Softdrink Wasser to go,2,1,1,1,2,1,0,0,1,0,0,1,2,1,1,0,0,1,0,2,1,1,3,1,2,1,1,2,3,1,2
Special Latte Chocolate Latte here,0,0,0,0,0,0,0,0,0,0,0,0,0,0,0,0,0,0,0,0,0,0,0,0,2,0,0,0,0,0,0
Special Latte Latte Caramel here,4,1,6,0,1,7,9,5,11,8,4,7,9,3,5,5,1,0,0,2,1,1,0,0,6,3,11,4,12,3,6
Special Latte Latte Caramel to go,3,0,1,0,0,1,2,1,2,3,3,2,2,0,1,3,0,0,2,0,0,0,0,0,1,0,0,0,2,0,1
Tea here,1,1,3,3,1,0,3,4,4,2,7,1,3,1,2,6,2,1,1,0,0,2,1,0,1,6,3,1,2,1,5
Tea to go,0,0,0,0,0,0,1,1,0,2,1,0,0,0,0,2,0,0,0,0,0,0,0,0,1,0,0,1,0,0,1