 Datum,01.02.11,02.02.11,03.02.11,04.02.11,05.02.11,06.02.11,07.02.11,08.02.11,09.02.11,10.02.11,11.02.11,12.02.11,13.02.11,14.02.11,15.02.11,16.02.11,17.02.11,18.02.11,19.02.11,20.02.11,21.02.11,22.02.11,23.02.11,24.02.11,25.02.11,26.02.11,27.02.11,28.02.11,29.02.11,30.02.11,31.02.11
Bagel Cream Cheese here,3,1,1,1,4,2,1,3,3,2,3,0,0,0,3,0,1,1,1,1,0,1,7,0,0,2,0,4,0,0,0
Bagel Cream Cheese to go,3,0,3,3,0,0,1,2,2,1,2,0,0,1,1,3,1,1,1,0,1,2,2,0,0,0,0,1,0,0,0
Bagel Fitness here,4,2,2,1,4,3,5,2,7,7,2,6,4,2,3,4,5,3,6,2,3,1,3,2,4,7,0,5,0,0,0
Bagel Fitness to go,0,2,1,0,1,2,1,1,1,0,2,1,1,2,3,5,0,1,0,0,1,1,0,1,1,0,0,1,0,0,0
Bagel Green Garden here,1,1,1,6,2,1,2,2,1,1,2,1,0,2,1,0,0,0,2,1,2,3,2,1,0,0,1,1,0,0,0
Bagel Green Garden to go,0,0,0,1,0,0,1,0,0,0,0,0,0,0,1,1,0,0,0,0,1,0,0,0,0,0,0,1,0,0,0
Bagel India here,1,0,0,0,0,2,1,0,1,3,0,0,2,0,1,0,0,3,2,0,1,0,1,2,0,0,1,2,0,0,0
Bagel India to go,1,0,0,0,0,0,0,0,0,0,0,0,0,0,0,0,0,0,0,0,0,0,0,0,0,0,0,0,0,0,0
Bagel Mexico here,0,5,2,1,0,1,2,2,1,1,1,2,3,0,1,0,3,1,3,1,1,0,2,3,0,2,2,2,0,0,0
Bagel Mexico to go,0,0,0,0,0,0,0,0,0,0,1,0,0,0,0,0,0,0,0,0,0,0,0,0,0,1,0,0,0,0,0
Bagel Morning Star here,0,0,0,0,2,0,2,0,1,2,2,1,0,1,0,0,1,0,0,0,0,1,0,0,1,1,0,0,0,0,0
Bagel Morning Star to go,0,0,0,0,0,0,0,0,0,0,0,1,0,0,0,0,0,0,0,0,0,0,0,0,0,0,1,0,0,0,0
Bagel Peanut Butter here,1,0,1,0,1,0,0,0,1,0,0,0,0,0,0,3,0,0,1,0,0,0,0,1,0,0,0,0,0,0,0
Bagel plain here,0,0,1,2,0,0,1,4,1,2,2,1,1,1,0,1,0,1,0,0,1,0,0,2,1,2,0,1,0,0,0
Bagel plain to go,3,7,0,0,0,0,0,2,3,0,0,4,2,1,2,0,0,4,0,0,2,1,7,0,0,0,1,5,0,0,0
Bagel Roma oder Florenz here,4,9,6,7,16,5,9,5,5,9,12,8,7,6,8,12,12,5,12,6,17,5,6,9,11,11,6,12,0,0,0
Bagel Roma oder Florenz to go,2,0,0,2,2,4,2,0,2,2,1,4,2,2,8,2,2,2,2,0,1,1,4,3,0,2,1,3,0,0,0
Bagel Stulle Deluxe here,1,3,2,2,6,3,3,4,8,0,3,6,1,5,2,2,2,2,7,4,4,1,2,4,5,7,3,5,0,0,0
Bagel Stulle Deluxe to go,1,0,0,0,4,0,1,0,0,3,1,0,1,0,4,1,0,0,0,0,1,0,2,0,0,0,0,0,0,0,0
Bagel Vital here,0,0,0,0,1,0,1,0,0,0,0,1,0,0,0,0,0,0,0,0,0,0,0,0,0,0,0,0,0,0,0
Brezel Butter here,1,0,1,0,2,1,0,3,1,1,1,0,0,1,0,1,0,1,1,1,3,1,1,0,0,2,0,1,0,0,0
Brezel plain here,4,2,3,2,3,2,0,1,0,3,2,3,0,2,1,2,3,2,1,2,2,2,1,1,3,2,0,5,0,0,0
Brezel plain to go,0,1,1,0,0,2,3,0,0,0,0,1,1,0,1,1,1,0,2,1,0,0,0,0,0,0,2,1,0,0,0
Cafe Creme groﬂ  here,5,4,2,2,8,3,1,4,3,6,5,4,4,3,1,3,7,3,3,1,1,6,2,6,4,6,1,3,0,0,0
Cafe Creme groﬂ  to go,4,0,1,0,3,1,6,4,2,2,2,5,2,2,4,6,3,4,5,2,3,4,5,5,2,1,1,3,0,0,0
Cafe Creme klein  here,6,9,7,13,18,12,12,9,14,14,11,9,12,10,8,12,10,9,16,5,11,9,9,11,15,6,1,16,0,0,0
Cafe Creme klein  to go,4,3,3,4,3,7,5,4,3,4,4,6,7,2,7,4,4,4,9,0,4,4,4,2,3,3,4,3,0,0,0
Caffe Latte mit Sirup here,1,2,4,3,7,2,4,2,2,4,6,4,7,6,2,1,3,5,6,2,8,3,5,4,2,6,3,3,0,0,0
Caffe Latte mit Sirup to go,1,1,1,1,5,7,1,0,0,1,1,3,2,2,2,3,2,5,5,0,2,1,1,2,1,1,0,3,0,0,0
Caffe Latte ohne Sirup here,6,16,16,15,37,13,20,13,18,16,21,27,12,12,15,15,25,13,15,9,14,15,17,9,16,31,12,14,0,0,0
Caffe Latte ohne Sirup to go,6,7,6,6,12,19,14,16,2,9,10,18,15,11,5,16,6,4,13,4,7,9,10,5,9,8,1,14,0,0,0
Cappuccino groﬂ  here,4,12,6,7,21,8,6,6,11,14,10,29,15,6,9,12,10,14,11,15,14,11,9,10,11,22,11,6,0,0,0
Cappuccino groﬂ  to go,3,6,10,6,11,13,10,5,4,8,6,11,16,5,11,8,7,6,2,1,4,6,9,4,7,1,6,3,0,0,0
Cappuccino klein  here,12,12,19,15,23,11,30,8,23,21,21,25,16,16,13,20,13,11,13,18,13,7,14,14,23,34,11,11,0,0,0
Cappuccino klein  to go,4,4,2,3,6,3,8,2,3,3,2,5,6,7,5,2,1,4,4,0,1,4,5,4,5,4,2,2,0,0,0
Chai Tea groﬂ Chai Banana here,1,1,2,2,3,1,0,0,1,1,0,2,2,0,0,1,2,0,0,1,0,0,2,0,0,1,2,0,0,0,0
Chai Tea groﬂ Chai Banana to go,0,0,0,0,2,1,0,1,0,0,0,1,0,0,0,0,0,0,0,1,0,0,0,0,0,1,0,0,0,0,0
Chai Tea groﬂ Chai Chocolate here,0,0,0,0,0,0,0,0,0,0,0,0,0,0,0,0,0,0,0,0,0,0,0,0,0,0,1,0,0,0,0
Chai Tea groﬂ Chai Tea Latte here,8,8,8,11,21,5,10,5,6,10,11,5,11,7,14,7,11,10,7,3,6,6,7,7,6,9,5,8,0,0,0
Chai Tea groﬂ Chai Tea Latte to go,3,0,0,1,9,14,2,3,4,5,5,9,7,4,2,4,2,6,5,0,1,0,2,0,3,8,2,1,0,0,0
Chai Tea klein Chai Banana here,0,0,0,0,0,0,0,0,0,0,0,0,0,1,0,0,0,0,1,0,0,0,0,0,1,0,0,0,0,0,0
Chai Tea klein Chai Tea Latte here,3,4,2,3,9,4,6,3,3,4,5,6,4,8,2,5,5,7,9,2,4,3,4,2,4,9,4,7,0,0,0
Chai Tea klein Chai Tea Latte to go,0,1,1,0,1,8,2,1,1,0,5,4,5,3,3,3,1,1,3,0,0,3,2,0,0,0,0,1,0,0,0
Chocolate groﬂ Bio-Kakao here,0,0,0,0,0,0,0,0,0,0,1,0,1,1,0,0,0,1,0,0,0,0,0,0,0,0,0,0,0,0,0
Chocolate groﬂ Bio-Kakao to go,0,0,0,0,0,0,0,0,0,0,0,0,0,0,0,0,0,0,0,0,1,0,0,0,0,0,0,0,0,0,0
Chocolate groﬂ black here,7,6,4,5,5,8,3,2,2,6,3,4,3,3,6,9,2,4,1,3,6,2,2,5,3,8,5,5,0,0,0
Chocolate groﬂ black to go,3,2,1,0,7,9,1,0,1,0,0,5,4,1,1,0,0,1,3,2,2,2,2,0,1,2,0,0,0,0,0
Chocolate groﬂ Marshmallow Chocolate here,0,0,0,1,0,2,0,0,0,0,0,0,0,0,0,0,0,0,3,1,0,2,1,0,0,0,2,0,0,0,0
Chocolate groﬂ Marshmallow Chocolate to go,0,0,0,0,0,1,0,0,0,0,0,0,0,0,0,0,0,0,0,0,0,0,1,0,0,0,0,1,0,0,0
Chocolate groﬂ white here,4,1,0,3,3,0,0,1,1,0,1,1,2,0,1,0,0,2,6,1,0,0,1,1,1,2,1,0,0,0,0
Chocolate groﬂ white to go,0,0,1,1,3,2,0,2,0,1,0,1,1,0,0,0,0,1,1,0,1,1,0,0,1,1,0,0,0,0,0
Chocolate klein Bio-Kakao here,0,0,0,0,2,0,0,0,0,0,0,0,1,0,0,0,0,0,2,0,3,0,0,1,1,1,1,0,0,0,0
Chocolate klein Bio-Kakao to go,0,0,0,0,0,1,0,0,0,0,0,0,0,0,0,0,0,0,0,0,0,0,0,0,0,0,0,0,0,0,0
Chocolate klein black here,10,6,4,7,7,5,3,4,3,3,5,12,5,13,9,8,5,10,14,9,2,3,5,3,6,8,8,7,0,0,0
Chocolate klein black to go,0,1,0,0,2,7,2,1,2,0,3,3,1,0,1,7,0,2,2,1,0,0,1,0,0,2,0,1,0,0,0
Chocolate klein white here,6,2,3,5,0,0,5,5,1,1,1,2,0,5,4,6,3,2,2,2,1,2,1,2,2,0,0,0,0,0,0
Chocolate klein white to go,0,0,0,0,1,1,0,0,0,1,1,1,3,0,1,2,0,0,1,0,0,0,1,0,0,0,0,0,0,0,0
Cookie here,9,7,9,14,13,9,12,6,11,9,7,14,5,10,13,9,3,14,11,9,8,8,3,10,10,10,9,7,0,0,0
Cookie to go,4,1,6,2,5,8,8,4,4,6,3,11,4,2,3,5,5,2,9,3,7,7,5,3,3,4,0,2,0,0,0
Cool Latte Iced Caffe here,0,0,0,0,1,0,0,0,0,0,2,0,0,0,0,0,0,0,0,0,0,0,0,0,0,0,0,0,0,0,0
Cool Latte Iced Caffe to go,0,0,0,0,0,0,0,0,0,0,0,2,0,0,0,0,0,0,0,0,0,0,0,0,0,0,0,0,0,0,0
Cool Latte Iced Espresso here,0,0,0,0,0,0,0,1,0,0,0,0,0,0,1,0,0,0,0,0,0,0,0,0,0,0,0,0,0,0,0
Cool Latte Iced Macchiato here,0,0,0,1,2,0,0,0,0,1,3,6,1,0,0,0,1,0,0,3,0,2,0,1,0,0,2,1,0,0,0
Cool Latte Iced Macchiato to go,1,0,0,0,1,0,1,0,0,0,0,4,1,1,0,0,0,0,1,0,0,0,0,0,0,0,0,0,0,0,0
Donut here,8,5,6,16,15,14,7,3,6,4,6,14,19,2,8,10,4,7,9,6,5,5,11,2,9,11,14,5,0,0,0
Donut to go,4,6,5,8,7,6,7,5,6,4,11,9,7,0,2,5,10,4,3,4,6,5,8,7,1,6,3,1,0,0,0
Eiskaffee here,1,1,0,1,1,1,1,0,0,1,1,2,0,1,1,0,0,1,1,1,0,0,2,0,0,1,2,0,0,0,0
Eiskaffee to go,0,0,0,0,0,2,1,1,0,0,0,1,1,0,0,1,0,0,0,0,0,0,0,0,0,0,0,0,0,0,0
Eisschokolade here,1,3,1,2,0,3,2,1,0,1,1,0,4,1,0,1,1,3,3,1,0,0,3,1,0,2,1,1,0,0,0
Eisschokolade to go,0,0,0,0,3,5,1,0,0,0,0,2,1,0,0,0,0,1,5,0,0,0,0,0,0,2,1,2,0,0,0
Eistee here,0,3,1,0,3,1,1,0,2,0,3,2,1,0,1,0,0,1,1,0,1,0,2,0,1,5,2,2,0,0,0
Eistee to go,0,0,0,0,1,0,0,0,0,0,0,2,0,2,0,0,0,0,0,0,0,0,0,0,0,0,0,0,0,0,0
Espresso groﬂ Barista here,0,0,0,1,0,0,0,0,0,0,0,1,0,0,0,0,0,0,1,0,0,0,0,1,0,0,0,0,0,0,0
Espresso groﬂ Barista to go,0,0,0,0,0,0,0,0,0,0,0,1,0,0,0,0,0,0,0,0,0,0,0,0,0,0,0,0,0,0,0
Espresso groﬂ Cuba here,0,1,0,0,0,0,0,0,0,0,0,0,1,0,0,1,0,0,1,0,0,0,1,0,0,2,0,0,0,0,0
Espresso groﬂ Cuba to go,0,0,0,0,0,0,0,0,0,0,0,0,0,0,0,0,0,0,1,0,0,0,0,0,0,0,0,0,0,0,0
Espresso groﬂ Macchiato here,0,1,0,0,2,0,0,0,1,0,0,1,0,0,0,2,1,0,0,0,1,2,0,1,0,4,0,0,0,0,0
Espresso groﬂ Macchiato to go,0,0,0,0,0,0,0,0,0,0,0,1,0,0,0,0,0,0,0,0,0,0,0,0,0,0,0,0,0,0,0
Espresso groﬂ Originale here,1,1,3,2,3,4,4,1,1,1,2,1,2,1,4,2,2,0,1,2,0,3,0,3,1,4,2,3,0,0,0
Espresso groﬂ Originale to go,0,0,1,0,1,0,1,0,1,0,0,2,0,0,0,0,0,0,0,0,0,0,0,1,1,0,0,0,0,0,0
Espresso groﬂ Unplugged here,0,0,0,0,1,0,0,0,0,2,3,0,0,1,1,0,0,0,0,0,1,0,1,1,0,0,1,0,0,0,0
Espresso klein Barista here,0,1,0,1,1,0,4,0,3,1,0,0,0,1,1,1,1,0,1,0,1,1,0,1,1,2,2,1,0,0,0
Espresso klein Barista to go,0,0,0,0,0,0,0,0,0,0,0,0,0,0,0,1,0,0,0,0,0,0,0,0,0,0,0,0,0,0,0
Espresso klein Cuba here,0,1,0,0,0,1,2,1,2,0,0,2,0,1,0,0,1,0,1,1,1,0,0,3,1,0,0,1,0,0,0
Espresso klein Lungo here,0,2,1,0,0,0,0,0,0,1,0,1,0,0,0,0,0,0,1,0,0,0,0,0,0,0,0,0,0,0,0
Espresso klein Lungo to go,0,0,0,0,1,0,0,0,0,0,0,0,0,0,0,0,1,0,0,0,0,0,0,0,0,0,0,0,0,0,0
Espresso klein Macchiato here,1,6,2,3,2,0,0,3,0,1,3,3,0,4,0,2,0,1,2,0,2,1,2,0,0,1,0,3,0,0,0
Espresso klein Macchiato to go,0,0,0,0,1,0,1,1,1,1,0,0,0,0,0,1,0,1,2,0,0,1,0,0,0,0,0,0,0,0,0
Espresso klein Orange here,1,1,1,0,2,0,1,0,2,0,2,1,0,0,0,3,0,1,0,1,0,0,0,2,1,1,0,0,0,0,0
Espresso klein Originale here,2,3,4,4,4,3,5,2,2,7,7,4,1,3,2,1,5,8,4,3,4,4,5,1,4,8,2,6,0,0,0
Espresso klein Originale to go,0,0,0,0,1,0,0,0,0,0,0,1,0,0,1,0,0,0,1,0,0,0,0,0,0,1,0,0,0,0,0
Espresso klein Unplugged here,0,2,0,0,1,1,0,0,2,0,2,0,0,1,2,2,0,0,1,0,1,0,1,2,1,0,0,2,0,0,0
Espresso klein Unplugged to go,0,0,0,0,0,1,0,0,0,0,0,0,0,0,0,0,0,0,0,0,0,0,0,0,0,0,0,0,0,0,0
Espresso Latte here,3,5,1,4,6,3,1,2,3,6,5,6,7,2,1,5,3,4,5,1,3,3,4,3,6,7,4,3,0,0,0
Espresso Latte to go,1,0,0,1,1,0,1,0,0,2,4,3,0,3,0,1,0,1,0,0,1,3,0,0,2,1,0,1,0,0,0
Frappe black here,0,0,1,0,1,1,1,1,0,0,2,1,1,3,1,0,0,0,0,1,0,1,3,2,0,2,2,1,0,0,0
Frappe black to go,0,0,0,0,0,0,0,0,0,0,0,1,0,1,0,0,0,0,1,0,0,0,0,0,0,0,0,0,0,0,0
Frappe white here,0,1,0,2,0,0,0,1,1,1,0,0,1,1,0,0,0,0,1,1,0,0,0,0,2,0,0,0,0,0,0
Frappe white to go,0,0,0,0,1,2,0,0,0,0,0,2,0,0,0,0,0,0,1,0,0,0,0,0,0,0,0,1,0,0,0
Fruchtsaft frisch groﬂ  here,0,0,0,0,1,0,0,1,0,0,0,0,0,0,0,0,0,0,2,0,1,1,1,0,0,0,0,0,0,0,0
Fruchtsaft frisch groﬂ  to go,0,0,0,0,0,0,0,0,0,0,0,0,0,0,0,0,0,0,0,0,0,0,1,0,0,0,0,0,0,0,0
Fruchtsaft frisch klein  here,2,1,0,2,0,0,0,1,1,0,0,2,0,1,1,0,0,1,0,0,1,0,1,2,0,0,0,7,0,0,0
Heiﬂe S‰fte Heiﬂe Orange here,1,0,0,2,0,0,0,0,0,1,1,0,0,0,0,0,0,1,0,1,1,0,0,1,0,0,2,0,0,0,0
Heiﬂe S‰fte Heiﬂe Orange to go,0,0,0,0,1,1,0,0,0,0,0,0,0,0,0,0,0,0,0,0,0,0,0,0,0,0,0,0,0,0,0
Heiﬂe S‰fte Heiﬂe Zitrone here,1,1,1,1,1,1,3,1,1,0,1,1,2,1,2,3,1,0,4,2,1,3,1,1,1,1,0,0,0,0,0
Heiﬂe S‰fte Heiﬂe Zitrone to go,0,0,0,0,0,1,0,0,0,0,0,0,0,1,0,0,0,0,0,0,0,0,0,0,0,0,1,0,0,0,0
Heiﬂe S‰fte Heiﬂer Apfel here,0,1,0,1,0,1,0,0,1,2,1,0,1,2,0,0,0,0,0,1,2,0,0,0,0,0,2,1,0,0,0
Heiﬂe S‰fte Heiﬂer Apfel to go,0,0,0,1,0,1,1,1,0,0,0,0,0,0,0,0,0,0,0,0,0,0,0,0,0,0,0,0,0,0,0
Iced Chai Latte here,1,0,0,0,3,0,0,0,2,0,0,1,1,0,0,2,0,0,0,0,0,0,0,1,0,0,0,0,0,0,0
Iced Chai Latte to go,0,0,0,0,2,1,0,1,0,0,0,2,0,0,0,1,0,0,0,0,0,0,0,0,0,0,0,0,0,0,0
Iced Espresso here,0,0,0,0,0,0,0,0,0,0,0,0,0,1,0,0,1,0,0,0,0,0,0,1,0,0,0,0,0,0,0
Kaffee here,5,7,12,9,14,9,10,9,8,7,12,6,4,9,4,6,9,4,10,6,12,13,8,7,14,11,7,9,0,0,0
Kaffee to go,0,0,1,1,4,6,4,2,2,3,1,2,1,4,2,6,0,1,3,0,1,2,1,1,1,0,1,3,0,0,0
Kaffeeverkauf Espressobohnen groﬂ Espresso Barista to go,0,0,0,0,0,1,0,1,0,0,0,0,0,0,0,0,0,0,1,0,0,0,0,0,0,0,0,0,0,0,0
Kaffeeverkauf Espressobohnen groﬂ Espresso Cuba here,0,0,0,0,0,0,0,0,0,0,0,0,0,0,0,0,0,0,0,0,0,0,0,0,0,0,0,1,0,0,0
Kaffeeverkauf Espressobohnen groﬂ Espresso Cuba to go,0,0,0,0,0,0,0,0,0,0,0,0,0,1,0,0,0,0,1,0,0,0,0,0,0,0,0,0,0,0,0
Kaffeeverkauf Espressobohnen groﬂ Espresso Originale here,0,0,0,0,1,0,0,0,0,0,0,0,0,0,0,0,0,0,0,0,0,0,0,0,0,0,0,0,0,0,0
Kaffeeverkauf Espressobohnen groﬂ Espresso Originale to go,0,0,0,0,0,0,0,0,0,0,0,0,0,0,0,0,0,0,0,0,0,0,1,0,0,0,0,0,0,0,0
Kaffeeverkauf Espressobohnen groﬂ Unplugged to go,0,0,0,0,0,0,0,0,0,0,0,0,0,0,0,0,0,0,0,0,0,1,0,1,0,0,0,0,0,0,0
Kaffeeverkauf Espressobohnen klein Espresso Barista here,0,0,0,0,0,0,0,0,0,0,0,0,0,0,0,0,1,0,0,0,0,0,0,0,0,0,0,1,0,0,0
Kaffeeverkauf Espressobohnen klein Espresso Barista to go,0,0,0,0,0,0,0,0,0,0,0,0,0,0,0,0,0,0,0,1,0,0,0,0,0,0,0,0,0,0,0
Kaffeeverkauf Espressobohnen klein Espresso Cuba here,0,0,0,0,0,0,0,0,0,0,0,0,0,0,0,0,0,0,0,0,0,0,1,0,0,0,0,0,0,0,0
Kaffeeverkauf Espressobohnen klein Espresso Cuba to go,1,0,0,0,0,0,0,0,0,0,0,0,0,0,0,0,0,0,0,0,0,1,0,0,1,0,0,0,0,0,0
Kaffeeverkauf Espressobohnen klein Espresso Originale here,0,1,0,0,2,0,0,0,0,0,0,0,0,0,0,0,0,0,0,0,1,0,0,0,0,0,0,0,0,0,0
Kaffeeverkauf Espressobohnen klein Espresso Originale to go,1,0,0,0,0,0,2,0,0,0,0,1,0,1,0,0,0,1,0,0,1,0,1,0,0,0,0,1,0,0,0
Kaffeeverkauf Espressobohnen klein Unplugged here,0,0,0,0,0,0,0,0,0,0,0,0,0,0,0,0,0,0,0,0,0,0,0,0,0,1,0,0,0,0,0
Kaffeeverkauf Espressobohnen klein Unplugged to go,0,0,0,0,0,0,0,0,3,0,0,1,0,0,0,0,0,0,1,0,0,1,0,0,1,0,0,0,0,0,0
Kaffeeverkauf Goldline Blue Mountain to go,0,0,0,0,0,0,1,0,0,0,0,0,0,1,0,0,0,0,0,0,0,0,0,0,0,0,0,0,0,0,0
Kaffeeverkauf sortenrein groﬂ Costa Rica to go,0,0,0,0,0,0,0,0,0,0,0,0,0,0,0,0,1,0,0,0,0,0,0,0,0,0,0,0,0,0,0
Kaffeeverkauf sortenrein groﬂ Guatemala to go,0,0,0,0,0,0,0,0,0,0,0,1,0,0,0,0,0,0,0,0,0,0,0,0,0,0,0,0,0,0,0
Kaffeeverkauf sortenrein groﬂ India Malabar to go,0,1,0,0,0,0,0,0,0,0,0,0,0,0,0,0,0,0,0,0,0,0,0,0,1,0,0,0,0,0,0
Kaffeeverkauf sortenrein groﬂ Java to go,0,0,0,0,0,0,0,0,0,0,0,0,0,0,0,0,1,0,0,0,0,0,0,0,0,0,0,0,0,0,0
Kaffeeverkauf sortenrein groﬂ Kenya Arabica AA to go,0,0,0,0,0,0,0,0,0,0,0,0,0,0,0,0,0,0,0,0,0,0,0,0,0,1,0,0,0,0,0
Kaffeeverkauf sortenrein groﬂ Mexiko Organico to go,0,1,0,0,0,0,0,0,0,0,0,0,0,0,0,0,0,0,1,0,0,0,0,0,0,0,0,0,0,0,0
Kaffeeverkauf sortenrein groﬂ Peru to go,0,0,0,0,0,0,0,0,0,0,0,0,0,0,0,0,0,0,1,0,0,0,0,0,0,0,0,0,0,0,0
Kaffeeverkauf sortenrein klein ƒthiopischer Mocca to go,0,0,0,0,0,0,0,0,0,0,0,0,0,0,1,0,0,0,0,0,0,0,0,0,0,0,0,0,0,0,0
Kaffeeverkauf sortenrein klein Guatemala here,0,0,0,0,1,0,0,0,0,0,0,0,0,0,0,0,0,0,0,0,0,0,0,0,0,0,0,0,0,0,0
Kaffeeverkauf sortenrein klein India Malabar here,0,0,0,0,0,0,0,0,0,0,0,0,0,0,0,0,0,0,0,0,0,1,0,0,0,0,0,0,0,0,0
Kaffeeverkauf sortenrein klein Java to go,0,0,0,0,0,0,1,0,0,0,0,0,0,0,0,0,0,0,0,0,0,0,0,0,0,0,0,0,0,0,0
Kaffeeverkauf sortenrein klein Kenya Arabica AA here,0,0,0,0,1,0,0,0,0,0,0,0,0,0,0,0,0,0,0,0,0,0,0,0,0,0,0,0,0,0,0
Kaffeeverkauf sortenrein klein Kenya Arabica AA to go,0,0,0,0,1,0,0,0,0,0,0,0,0,0,0,0,0,0,1,0,0,0,0,0,0,0,0,0,0,0,0
Kaffeeverkauf sortenrein klein Mexiko Organico to go,0,0,0,1,0,0,0,0,0,0,0,0,0,0,1,0,0,0,0,0,0,1,0,0,0,0,0,0,0,0,0
Kaffegetr‰nk groﬂ ƒthiopischer Mocca here,0,0,0,0,1,0,0,0,0,0,0,1,0,0,0,0,0,0,0,0,0,0,0,0,0,0,0,0,0,0,0
Kaffegetr‰nk groﬂ Guatemala here,0,0,0,0,0,0,1,0,0,0,0,2,0,0,0,0,0,0,0,0,0,0,0,0,0,0,0,0,0,0,0
Kaffegetr‰nk groﬂ Guatemala to go,0,0,0,0,0,0,0,0,0,0,0,2,0,0,0,0,0,0,0,0,0,0,0,0,0,0,0,0,0,0,0
Kaffegetr‰nk groﬂ India Malabar here,1,0,0,0,2,0,0,0,0,0,0,0,0,0,0,0,0,0,0,0,0,0,0,0,0,0,0,0,0,0,0
Kaffegetr‰nk groﬂ Java here,0,0,0,0,0,0,0,0,0,0,0,0,0,0,0,0,0,0,0,0,0,0,0,0,1,1,0,0,0,0,0
Kaffegetr‰nk groﬂ Kenya Arabica AA here,0,0,0,0,0,0,0,0,0,0,0,0,0,0,0,0,0,0,0,0,0,0,0,0,0,0,0,1,0,0,0
Kaffegetr‰nk groﬂ Mexiko Organico here,0,0,0,1,0,0,0,0,0,0,1,1,1,0,0,0,0,0,0,0,0,2,0,1,1,1,1,0,0,0,0
Kaffegetr‰nk groﬂ Wiener Melange here,0,0,0,2,0,0,0,0,0,0,0,0,0,1,0,0,0,0,0,0,0,0,0,0,0,0,0,0,0,0,0
Kaffegetr‰nk klein ƒthiopischer Mocca to go,0,0,0,0,0,0,1,0,0,0,0,0,0,0,0,0,0,0,0,0,0,0,0,0,0,0,0,0,0,0,0
Kaffegetr‰nk klein Kenya Arabica AA here,0,0,1,0,0,0,0,0,0,0,0,1,0,0,0,0,0,0,0,0,0,0,0,0,0,0,0,0,0,0,0
Kaffegetr‰nk klein Kenya Arabica AA to go,0,0,0,0,1,0,0,0,0,0,0,0,0,0,0,0,0,0,0,0,0,0,0,0,0,0,0,0,0,0,0
Kaffegetr‰nk klein Mexiko Organico here,1,1,1,0,0,0,1,0,1,1,0,0,0,1,1,1,0,1,0,0,1,0,1,2,0,0,0,0,0,0,0
Kaffegetr‰nk klein Peru here,0,0,0,0,0,0,0,0,0,0,0,0,0,0,0,0,0,0,0,0,0,1,0,0,0,0,0,0,0,0,0
Kaffegetr‰nk klein Wiener Melange here,0,0,0,0,1,0,0,0,0,0,0,0,0,1,0,0,0,0,0,0,0,1,0,1,0,0,0,0,0,0,0
Kaffeverkauf Hausmischung groﬂ Cafe Creme to go,0,0,0,0,0,0,0,0,1,0,0,0,0,0,0,0,2,0,0,0,0,0,1,0,0,0,0,0,0,0,0
Kaffeverkauf Hausmischung groﬂ Wiener Melange here,0,0,0,0,0,0,0,0,1,0,0,0,0,0,0,0,0,0,0,0,0,0,0,0,0,0,0,0,0,0,0
Kaffeverkauf Hausmischung klein Cafe Creme to go,0,0,0,0,1,0,0,0,0,0,0,0,0,0,0,0,0,0,0,0,0,0,0,0,0,0,0,0,0,0,0
Kaffezusatz Espresso Shot here,0,0,2,1,3,0,1,0,0,0,1,1,1,2,3,1,1,2,0,1,2,0,1,0,1,2,0,2,0,0,0
Kaffezusatz Espresso Shot to go,0,0,0,0,2,2,2,0,0,0,1,2,0,2,1,2,0,0,0,0,1,2,1,0,0,1,1,0,0,0,0
Kaffezusatz Flavour Shot here,2,2,1,0,2,1,2,0,2,6,0,3,1,1,1,3,2,3,2,3,2,0,4,3,0,2,3,4,0,0,0
Kaffezusatz Flavour Shot to go,1,0,0,0,2,5,1,0,0,1,1,3,0,4,1,0,0,0,2,0,0,3,1,0,0,2,0,1,0,0,0
Kaffezusatz Lac.-frei here,1,1,1,4,9,5,6,2,5,6,9,8,4,3,5,7,3,9,5,3,4,2,1,4,4,5,3,6,0,0,0
Kaffezusatz Lac.-frei to go,0,0,0,1,3,2,4,4,0,1,6,3,4,0,0,2,0,5,5,1,0,1,4,0,0,3,0,0,0,0,0
Kaffezusatz Sahne here,1,0,1,2,1,3,2,1,0,1,1,3,3,4,7,3,2,0,1,1,0,1,0,2,1,1,1,1,0,0,0
Kaffezusatz Sahne to go,0,0,0,3,1,3,1,0,1,0,0,1,0,1,0,0,0,0,2,0,0,0,0,0,0,0,0,0,0,0,0
Kaffezusatz Soja here,4,1,7,5,12,2,2,9,3,7,6,10,4,9,3,2,5,1,2,6,5,5,6,2,6,5,5,5,0,0,0
Kaffezusatz Soja to go,0,0,0,2,1,9,4,0,2,1,0,4,2,2,1,4,1,3,4,0,1,0,3,1,4,4,1,0,0,0,0
Kapuziner groﬂ  here,0,3,1,0,0,0,0,0,0,2,0,1,0,0,0,0,0,1,0,0,0,0,0,0,0,1,0,0,0,0,0
Kapuziner groﬂ  to go,0,0,0,0,0,0,0,0,0,0,0,1,0,0,1,0,0,0,1,0,0,0,0,0,0,0,0,0,0,0,0
Kapuziner klein  here,0,0,0,1,2,0,2,0,0,0,0,1,0,0,1,0,0,0,1,1,0,0,1,0,1,2,1,0,0,0,0
Kapuziner klein  to go,0,0,0,0,0,0,0,0,0,0,0,0,0,1,0,0,0,0,0,0,0,0,0,0,0,0,0,0,0,0,0
Kuchen here,0,0,0,0,28,9,0,0,0,0,0,14,16,1,0,0,0,0,19,19,2,0,0,1,0,21,10,2,0,0,0
Kuchen to go,0,0,0,0,0,2,0,0,0,0,0,4,0,1,0,0,0,0,3,0,0,0,0,0,0,1,3,0,0,0,0
Latte Macchiato mit Sirup here,11,15,9,14,19,16,12,7,15,11,23,21,8,17,5,17,18,26,19,18,11,9,19,16,10,27,11,13,0,0,0
Latte Macchiato mit Sirup to go,10,6,4,8,13,30,9,5,5,9,12,21,20,6,11,10,13,8,13,0,3,5,16,10,13,13,9,5,0,0,0
Latte Macchiato ohne Sirup here,31,28,31,28,65,31,26,31,46,34,44,63,23,34,37,31,29,29,44,15,35,24,27,27,41,52,29,47,0,0,0
Latte Macchiato ohne Sirup to go,7,9,9,12,27,32,16,7,13,8,14,30,18,11,11,26,16,13,18,6,10,14,13,11,12,13,3,18,0,0,0
Milk groﬂ  here,0,0,0,0,0,0,0,0,1,0,0,0,1,1,0,0,0,0,0,0,2,0,1,0,0,0,0,1,0,0,0
Milk groﬂ  to go,0,0,0,0,0,1,0,0,0,1,0,0,0,2,0,1,0,0,0,0,0,0,0,0,0,0,0,0,0,0,0
Milk klein  here,0,0,2,0,0,2,0,1,0,0,1,0,1,0,0,0,0,0,0,0,0,0,0,0,0,0,0,1,0,0,0
Milk klein  to go,0,0,0,0,0,0,1,0,0,0,0,0,2,1,0,0,0,0,1,0,0,0,0,0,0,0,0,0,0,0,0
Mocca groﬂ black here,2,0,4,5,4,1,1,1,2,2,1,6,5,2,2,3,4,3,4,2,3,0,3,1,2,5,2,0,0,0,0
Mocca groﬂ black to go,1,4,2,0,4,6,2,4,0,1,3,0,0,2,1,1,3,3,3,0,0,2,1,0,2,0,2,1,0,0,0
Mocca groﬂ white here,4,3,1,1,1,5,2,4,0,6,2,5,10,1,6,3,2,2,4,3,3,0,5,0,3,5,2,2,0,0,0
Mocca groﬂ white to go,2,3,1,1,2,11,6,0,3,1,1,6,6,1,1,1,0,0,4,1,1,3,5,2,1,2,2,1,0,0,0
Mocca klein black here,1,3,2,3,1,2,4,1,2,2,2,1,0,1,2,5,1,2,3,3,4,1,4,4,2,4,3,2,0,0,0
Mocca klein black to go,0,0,2,0,3,2,0,0,1,0,1,2,1,0,0,2,1,0,0,0,1,0,2,0,0,3,0,0,0,0,0
Mocca klein white here,2,3,2,11,3,0,2,0,0,3,6,4,0,3,0,1,1,1,1,1,3,2,4,3,4,3,1,1,0,0,0
Mocca klein white to go,0,3,0,0,1,1,1,3,1,0,4,2,1,1,2,2,2,2,1,0,0,3,1,2,1,3,0,0,0,0,0
MoccaSin here,0,0,0,1,0,0,0,0,0,3,0,1,1,1,0,1,1,1,0,0,0,0,1,0,1,1,1,0,0,0,0
MoccaSin to go,0,0,0,1,0,1,1,2,0,0,1,4,0,1,1,0,0,1,0,0,0,0,0,0,0,0,0,0,0,0,0
Muffin here,29,27,24,44,41,36,22,19,27,22,27,52,29,29,24,16,27,35,37,21,17,19,25,27,26,44,25,32,0,0,0
Muffin to go,6,3,4,3,10,32,10,11,1,16,9,20,18,7,6,10,4,7,13,4,8,15,15,50,10,5,8,6,0,0,0
M¸sli here,0,0,0,0,1,1,1,2,1,1,0,1,0,0,0,0,1,0,0,0,0,0,0,1,0,0,0,1,0,0,0
M¸sli to go,1,0,0,0,0,0,0,0,0,0,0,0,0,0,2,0,0,0,0,0,0,0,0,0,0,0,0,2,0,0,0
Nebenprodukte MoccaSin Chocolate white to go,0,0,0,0,0,0,0,0,1,0,0,0,0,0,0,0,0,0,0,0,0,0,0,0,0,0,0,0,0,0,0
Nebenprodukte Sirup groﬂ here,0,0,0,0,0,0,0,0,0,0,0,0,0,0,1,0,0,0,0,0,0,0,0,0,0,0,0,0,0,0,0
Nebenprodukte Sirup groﬂ to go,0,0,0,0,1,0,0,0,0,2,2,2,0,2,0,0,0,0,0,0,0,0,0,0,0,0,0,0,0,0,0
Preis here,2,0,3,0,3,1,3,1,2,3,2,1,0,4,1,0,0,1,1,1,5,0,1,0,1,0,0,2,0,0,0
Preis to go,2,0,2,3,1,1,0,0,2,0,4,2,0,1,4,2,0,0,0,0,0,1,1,0,2,0,0,0,0,0,0
Smoothie plain here,5,1,0,3,4,2,1,4,2,2,7,6,5,1,3,4,1,5,6,0,2,2,1,1,0,4,9,2,0,0,0
Smoothie plain to go,0,0,0,0,6,2,0,4,0,1,1,9,4,1,2,2,2,0,3,0,0,0,0,1,0,1,1,3,0,0,0
Softdrink Bionade here,2,0,2,3,5,5,1,0,0,1,2,3,3,2,2,1,2,0,4,2,2,1,1,0,3,3,1,1,0,0,0
Softdrink Bionade to go,0,0,0,1,0,0,0,0,0,0,0,1,0,0,0,0,0,0,0,0,0,0,0,0,0,0,0,0,0,0,0
Softdrink Bottle AFG here,3,5,5,3,12,9,3,2,9,2,3,9,1,4,2,1,2,6,9,4,6,5,7,3,3,13,6,4,0,0,0
Softdrink Bottle AFG to go,1,0,0,0,1,1,2,0,0,0,0,1,1,2,0,2,0,1,1,0,0,1,0,0,0,0,0,0,0,0,0
Softdrink Wasser here,0,0,0,3,5,5,3,0,1,6,3,7,2,1,1,1,2,2,4,3,1,3,3,1,2,9,3,2,0,0,0
Softdrink Wasser to go,0,0,0,0,1,1,1,0,0,0,0,1,0,2,1,0,1,0,0,0,0,0,0,0,0,0,2,0,0,0,0
Special Latte Chocolate Latte here,2,1,2,8,3,1,1,3,0,3,2,2,1,1,1,0,2,1,1,2,1,1,1,7,2,1,5,4,0,0,0
Special Latte Chocolate Latte to go,0,0,0,0,1,2,0,0,1,0,1,3,1,1,0,0,1,1,0,0,0,0,0,0,1,2,0,1,0,0,0
Special Latte Latte Caramel here,13,15,15,12,13,11,9,17,7,11,12,13,4,10,9,17,13,8,14,15,7,9,5,9,6,14,9,12,0,0,0
Special Latte Latte Caramel to go,0,1,1,0,10,7,2,1,1,5,5,7,2,2,3,5,3,2,2,1,1,4,1,2,4,7,1,1,0,0,0
Special Latte Tiramisu Latte here,0,2,0,0,2,1,0,1,0,1,0,2,2,0,0,1,0,1,2,0,1,2,2,1,0,0,1,0,0,0,0
Special Latte Tiramisu Latte to go,0,0,0,0,0,2,1,0,0,0,1,1,0,0,0,0,0,0,3,1,0,0,0,0,1,0,0,1,0,0,0
Special Latte White Banana Chocolate here,2,1,2,2,1,1,3,0,0,2,3,4,2,0,1,3,2,4,1,0,2,1,3,2,0,2,0,0,0,0,0
Special Latte White Banana Chocolate to go,0,0,0,0,2,2,1,0,0,1,0,0,2,0,0,0,0,0,1,1,0,2,0,1,1,0,0,0,0,0,0
Tea here,3,11,6,2,6,3,6,4,8,6,11,4,2,4,5,2,6,4,14,5,7,4,3,6,0,17,3,1,0,0,0
Tea to go,0,1,3,1,0,5,3,1,2,0,0,2,2,0,1,1,0,1,0,0,1,1,1,0,0,0,0,1,0,0,0