 Datum,01.07.11,02.07.11,03.07.11,04.07.11,05.07.11,06.07.11,07.07.11,08.07.11,09.07.11,10.07.11,11.07.11,12.07.11,13.07.11,14.07.11,15.07.11,16.07.11,17.07.11,18.07.11,19.07.11,20.07.11,21.07.11,22.07.11,23.07.11,24.07.11,25.07.11,26.07.11,27.07.11,28.07.11,29.07.11,30.07.11,31.07.11
Bagel Cream Cheese here,3,3,1,0,2,0,2,2,3,0,1,0,1,2,5,2,1,0,3,1,2,1,4,2,1,5,2,4,5,4,1
Bagel Cream Cheese to go,3,0,0,0,1,1,0,1,0,0,0,0,0,1,0,0,0,1,0,0,0,0,1,0,3,1,0,1,0,2,0
Bagel Fitness here,10,2,1,5,2,2,4,4,3,2,4,5,9,5,3,8,4,2,5,3,6,4,5,2,5,2,2,4,2,4,1
Bagel Fitness to go,0,0,1,2,1,1,0,3,2,1,0,2,0,2,1,0,0,2,2,1,2,1,2,0,1,2,2,0,2,1,0
Bagel Green Garden here,1,0,0,1,0,0,0,0,1,0,1,2,0,1,0,1,0,2,4,1,1,0,2,0,1,1,4,1,2,1,0
Bagel Green Garden to go,0,0,0,0,0,0,1,1,0,0,0,0,1,2,0,0,0,0,4,0,0,0,0,0,1,0,0,0,0,0,0
Bagel India here,3,3,0,5,3,5,4,1,4,2,4,0,4,1,3,0,0,4,3,5,1,2,5,1,1,2,2,2,4,6,0
Bagel India to go,1,1,1,0,0,0,1,1,0,0,1,0,0,1,1,0,0,0,0,1,0,1,0,0,0,0,0,1,0,0,0
Bagel Mexico here,2,4,1,0,3,0,0,2,5,5,3,4,4,4,5,4,4,7,4,3,5,2,4,4,2,6,3,6,1,4,7
Bagel Mexico to go,0,0,1,0,0,0,0,1,0,0,0,1,2,1,0,2,0,0,3,0,1,0,1,0,1,0,0,0,0,0,1
Bagel Morning Star here,0,3,0,4,0,0,0,0,3,1,0,1,2,0,1,1,1,0,1,2,0,1,3,1,0,1,1,0,0,0,2
Bagel Peanut Butter here,0,0,0,0,1,0,0,0,1,0,0,0,0,0,0,0,1,0,0,0,1,0,0,0,0,1,0,0,0,0,0
Bagel Peanut Butter to go,0,0,0,0,0,0,0,0,0,0,0,0,0,0,1,0,0,0,0,0,0,0,0,0,0,0,0,0,0,0,0
Bagel plain here,2,0,0,0,0,0,2,3,1,0,5,2,2,2,2,1,1,1,0,2,5,0,3,2,4,0,2,0,0,0,0
Bagel plain to go,2,0,0,1,3,2,2,2,0,1,3,1,2,0,3,0,0,4,1,0,2,1,0,1,1,2,1,1,3,0,3
Bagel Roma oder Florenz here,19,11,8,8,8,13,11,6,13,4,6,13,6,10,8,9,3,9,8,7,7,9,7,5,8,10,14,16,13,15,3
Bagel Roma oder Florenz to go,1,2,2,1,6,1,0,3,3,1,2,6,3,4,1,3,2,1,4,1,3,3,3,0,7,6,4,1,4,1,1
Bagel Stulle Deluxe here,3,3,2,6,2,1,3,3,2,1,2,4,5,2,4,2,1,5,3,2,2,2,1,1,2,3,1,2,6,4,1
Bagel Stulle Deluxe to go,0,1,1,0,0,0,0,2,2,2,0,0,3,2,0,3,1,1,0,0,0,0,1,1,0,1,2,1,0,2,0
Brezel Butter here,1,1,0,0,0,0,1,0,0,1,0,0,0,0,2,2,0,0,0,0,1,0,2,0,0,1,2,0,1,0,0
Brezel Butter to go,0,0,0,0,0,0,0,0,0,0,0,0,0,0,0,0,0,0,0,0,0,0,0,0,1,0,0,0,0,0,0
Brezel plain here,2,0,1,4,0,1,1,0,3,3,3,2,1,3,5,2,3,3,2,0,0,2,1,1,0,1,0,1,3,7,2
Brezel plain to go,1,0,3,2,3,2,0,4,0,0,1,4,1,1,1,1,1,0,0,0,3,0,1,1,2,1,0,1,0,1,0
Cafe Creme groﬂ  here,5,9,2,2,1,3,3,5,6,5,3,4,2,4,3,2,2,3,5,5,4,9,10,8,3,2,3,3,5,9,1
Cafe Creme groﬂ  to go,1,4,3,4,1,1,6,1,3,2,4,3,1,4,3,1,0,5,3,3,5,3,2,2,2,7,3,3,2,5,0
Cafe Creme klein  here,7,11,3,6,12,8,15,10,15,5,4,10,11,15,19,8,8,7,9,9,13,9,22,16,9,12,11,11,10,23,7
Cafe Creme klein  to go,1,5,2,3,8,2,10,2,5,1,2,3,5,5,8,2,2,2,5,4,4,2,5,1,10,11,10,7,8,4,1
Caffe Latte mit Sirup here,1,2,0,1,0,2,0,0,3,2,3,0,3,3,2,4,1,4,2,3,2,4,3,1,2,3,5,8,0,5,7
Caffe Latte mit Sirup to go,0,3,0,0,0,2,2,1,0,0,2,0,0,4,0,2,1,0,0,2,1,2,1,0,2,1,4,1,2,1,4
Caffe Latte ohne Sirup bring in,0,0,0,0,0,0,0,0,0,0,0,0,0,0,0,0,0,0,0,0,0,0,0,0,0,1,0,0,0,0,0
Caffe Latte ohne Sirup here,17,29,9,13,4,16,11,14,18,13,17,7,22,19,14,17,16,16,14,13,12,9,17,16,18,13,25,20,13,37,11
Caffe Latte ohne Sirup to go,5,14,1,10,8,13,9,5,9,4,8,7,11,12,12,6,2,8,11,9,9,14,9,4,15,12,7,6,5,8,4
Cappuccino groﬂ  here,9,14,15,7,11,3,11,9,12,10,6,15,9,7,15,8,7,9,10,9,18,14,23,12,17,15,9,7,17,21,12
Cappuccino groﬂ  to go,7,9,8,8,5,6,4,5,3,5,2,1,8,2,6,6,5,4,6,5,6,2,15,5,7,4,7,2,3,11,1
Cappuccino klein  here,15,21,7,9,6,15,19,17,13,8,9,6,16,14,25,19,8,23,15,17,16,23,14,15,14,14,12,17,14,29,18
Cappuccino klein  to go,5,5,4,3,3,10,1,6,6,1,2,4,2,2,1,3,1,2,2,3,7,6,12,2,4,6,4,2,4,7,1
Chai Tea groﬂ Chai Banana here,0,1,0,0,1,1,1,1,0,1,0,0,0,0,0,0,0,1,1,1,0,0,1,1,0,0,0,0,0,0,0
Chai Tea groﬂ Chai Banana to go,0,0,0,0,0,0,0,2,0,0,0,0,0,0,0,0,0,0,0,0,0,2,0,1,0,1,0,0,1,0,0
Chai Tea groﬂ Chai Tea Latte here,4,2,0,2,0,3,4,6,5,7,1,1,7,7,9,5,1,7,6,11,3,8,10,7,7,5,7,1,10,8,5
Chai Tea groﬂ Chai Tea Latte to go,2,1,2,0,0,0,1,1,1,0,1,0,1,1,3,1,0,3,1,2,6,1,4,2,0,1,2,2,2,1,1
Chai Tea klein Chai Banana here,0,0,0,0,0,0,0,0,0,1,0,0,0,0,0,0,0,0,0,0,0,0,0,0,0,0,1,0,0,0,0
Chai Tea klein Chai Banana to go,0,0,0,0,0,0,0,0,0,0,0,0,0,0,0,0,0,0,0,0,0,0,0,0,1,0,0,0,0,0,0
Chai Tea klein Chai Tea Latte here,7,5,3,0,1,2,3,0,1,1,2,0,4,1,3,0,3,5,6,6,3,4,2,5,1,4,6,1,3,8,5
Chai Tea klein Chai Tea Latte to go,1,0,0,0,0,1,0,0,1,1,0,0,0,0,0,3,0,3,1,4,0,1,2,0,0,1,1,2,1,3,1
Chocolate groﬂ Bio-Kakao here,0,0,0,0,0,0,0,0,0,0,0,0,0,0,0,0,0,0,1,0,0,1,0,0,1,0,0,0,0,0,1
Chocolate groﬂ Bio-Kakao to go,0,0,1,0,0,1,0,0,0,0,0,0,0,0,0,0,0,0,0,1,0,1,0,0,0,0,0,0,0,0,1
Chocolate groﬂ black here,2,2,0,1,0,0,5,4,3,3,0,2,0,2,5,0,2,2,0,6,2,3,3,2,5,4,1,3,7,5,2
Chocolate groﬂ black to go,0,3,0,0,1,0,1,0,1,0,0,1,1,0,0,3,1,1,2,2,1,0,2,1,2,2,1,3,1,2,0
Chocolate groﬂ Marshmallow Chocolate to go,0,0,0,0,0,0,0,0,0,0,0,0,0,0,0,0,0,0,0,0,0,1,0,0,0,0,0,0,0,0,0
Chocolate groﬂ white here,0,2,0,0,0,0,1,0,0,2,0,2,0,3,0,2,0,2,0,2,1,1,4,2,1,1,1,0,1,1,1
Chocolate groﬂ white to go,0,0,0,0,1,0,0,0,0,0,0,0,0,0,1,0,2,1,0,1,0,0,4,0,0,0,1,0,1,1,0
Chocolate klein Bio-Kakao here,1,0,0,0,0,1,0,0,0,0,0,0,0,0,0,0,0,1,0,1,0,0,0,0,0,0,0,0,0,0,0
Chocolate klein Bio-Kakao to go,0,0,0,1,0,0,0,0,0,0,0,0,0,0,0,0,0,0,0,0,0,0,0,0,0,0,0,0,0,0,0
Chocolate klein black here,1,2,0,3,2,3,6,2,3,5,1,0,2,6,4,1,1,9,4,9,4,3,2,10,4,3,1,2,8,6,4
Chocolate klein black to go,0,0,0,0,1,0,0,0,0,0,3,0,0,2,1,0,1,0,1,5,0,0,2,2,0,4,0,0,1,2,2
Chocolate klein white here,0,1,0,1,0,0,1,1,0,0,0,0,4,1,1,0,0,1,2,4,1,1,0,1,0,0,1,0,3,3,2
Chocolate klein white to go,1,0,0,0,0,0,0,0,0,0,0,0,0,0,0,0,1,1,0,0,2,0,0,3,0,0,0,1,0,0,0
Cookie here,4,6,3,3,0,4,4,8,6,3,3,2,10,6,4,8,3,6,2,6,6,9,7,4,7,3,4,4,4,5,2
Cookie to go,5,1,4,4,5,5,5,5,1,2,3,1,1,3,3,3,1,3,3,3,3,3,3,2,1,0,4,2,1,3,0
Cool Latte Iced Caffe here,0,1,5,9,8,8,1,4,3,0,6,6,4,1,0,7,1,4,4,0,2,0,4,0,6,3,1,3,4,4,1
Cool Latte Iced Caffe to go,0,4,5,7,6,10,1,4,6,1,3,6,1,1,1,9,2,3,0,0,3,0,0,0,2,2,3,2,1,2,0
Cool Latte Iced Espresso here,1,1,5,4,1,3,0,1,0,0,2,4,0,1,0,2,0,1,0,0,1,0,2,0,1,1,0,1,3,0,0
Cool Latte Iced Espresso to go,0,1,1,1,3,2,0,1,0,0,2,2,0,0,0,4,0,0,1,0,0,0,0,0,0,2,1,3,0,2,0
Cool Latte Iced Macchiato here,1,6,6,9,9,3,3,8,11,4,7,5,7,3,8,13,1,2,4,0,7,1,4,6,11,13,3,18,7,3,2
Cool Latte Iced Macchiato to go,0,2,5,11,6,4,4,3,4,6,7,8,1,2,1,13,0,1,0,0,2,1,6,1,3,1,6,2,2,1,0
Donut here,6,9,4,6,6,4,6,7,3,5,3,6,2,7,8,5,5,7,1,9,7,5,12,12,11,3,8,7,13,21,5
Donut to go,0,4,9,2,7,4,0,5,4,5,0,0,4,0,2,4,0,3,5,6,5,2,5,4,2,8,4,5,1,42,1
Eis here,0,2,0,0,0,0,0,0,0,0,1,0,0,0,1,0,0,0,0,0,0,0,0,1,0,0,0,0,0,0,0
Eis to go,0,0,1,0,0,0,0,0,0,0,0,0,0,0,0,0,0,1,0,0,1,0,0,0,0,0,0,0,0,0,0
Eiskaffee here,0,5,12,17,14,11,5,12,11,7,13,14,5,9,6,19,2,6,1,3,7,4,13,1,4,7,5,10,6,5,0
Eiskaffee to go,0,0,5,5,6,4,0,3,8,0,3,5,0,2,0,2,0,0,0,0,1,0,4,0,12,2,1,0,0,2,0
Eisschokolade here,1,11,0,5,3,5,6,10,2,6,8,4,5,9,4,7,2,3,6,3,4,5,7,0,8,1,7,9,9,4,3
Eisschokolade to go,0,1,2,7,6,6,2,3,1,1,1,3,1,4,1,6,0,0,1,0,6,0,4,0,4,1,3,5,0,0,0
Eistee here,0,4,2,2,7,1,1,1,1,0,8,2,2,0,3,6,0,2,3,1,3,4,3,0,1,2,2,6,3,3,0
Eistee to go,0,0,3,1,1,0,2,2,1,0,3,3,0,0,0,1,0,3,0,0,1,0,2,0,0,0,1,1,0,0,0
Espresso groﬂ Barista here,0,1,1,0,0,2,1,0,2,0,0,0,0,0,0,1,1,1,1,0,1,0,2,1,0,0,0,0,0,0,1
Espresso groﬂ Barista to go,0,0,0,0,0,0,0,0,0,0,0,0,0,0,0,0,0,0,0,0,0,0,0,0,0,0,0,1,0,1,0
Espresso groﬂ Cuba here,0,0,0,0,0,0,0,0,1,0,0,0,1,2,2,0,0,0,0,1,0,1,0,1,1,0,1,0,0,0,1
Espresso groﬂ Cuba to go,0,0,0,0,0,0,0,0,0,0,0,0,0,0,0,0,0,0,0,0,0,0,0,1,0,0,0,0,0,0,0
Espresso groﬂ Lungo here,0,0,0,0,0,0,0,0,0,0,0,0,0,0,0,0,0,0,0,0,0,0,0,0,0,0,0,0,0,1,0
Espresso groﬂ Lungo to go,0,0,0,0,0,0,0,0,0,0,0,0,0,0,0,0,0,0,0,0,0,0,0,0,0,0,0,1,0,0,1
Espresso groﬂ Macchiato here,1,0,0,0,1,0,1,1,0,1,2,0,2,1,0,3,2,0,0,3,1,0,1,1,1,0,0,0,2,0,0
Espresso groﬂ Macchiato to go,1,0,0,0,0,0,1,0,0,0,0,0,0,0,1,0,0,1,0,0,0,0,0,0,0,0,1,0,0,0,1
Espresso groﬂ Originale here,2,2,1,1,1,2,3,2,2,2,3,3,2,2,2,2,0,1,2,3,3,5,2,4,0,1,3,0,1,3,1
Espresso groﬂ Originale to go,0,3,0,0,0,0,0,1,0,0,1,0,1,0,2,0,0,2,3,2,0,0,0,0,0,1,0,1,1,1,1
Espresso groﬂ Unplugged here,0,1,0,0,0,1,0,1,0,0,0,1,0,1,3,2,0,0,0,0,3,0,2,0,1,0,1,1,1,3,2
Espresso klein Barista here,0,0,2,0,1,0,1,0,0,1,0,1,0,1,1,0,0,0,0,3,0,1,2,0,0,0,1,0,0,1,0
Espresso klein Barista to go,0,0,0,0,0,0,0,0,1,0,0,0,0,0,0,0,0,0,0,0,2,0,1,0,0,0,0,0,0,0,0
Espresso klein Cuba here,0,0,0,0,0,0,0,0,1,0,0,1,0,1,1,0,0,0,0,2,0,0,0,0,0,0,1,0,0,0,0
Espresso klein Cuba to go,0,0,0,0,0,0,0,0,0,0,0,0,0,0,0,0,0,0,0,0,0,0,0,0,0,1,0,0,0,1,0
Espresso klein Lungo here,0,1,1,0,0,0,0,0,0,1,0,0,0,1,0,0,0,0,0,0,0,0,0,0,0,0,0,0,1,0,0
Espresso klein Lungo to go,0,0,0,0,0,0,0,0,0,0,0,0,0,0,0,0,0,0,0,0,0,0,0,0,1,0,0,0,0,0,0
Espresso klein Macchiato here,1,1,1,0,2,0,0,0,1,2,4,2,3,1,3,0,0,0,0,1,4,0,4,2,1,2,1,0,1,3,0
Espresso klein Macchiato to go,0,0,0,0,0,0,0,0,0,0,1,0,0,0,0,0,0,2,2,1,2,2,0,0,1,0,0,1,0,0,0
Espresso klein Orange here,0,1,1,0,0,0,0,0,0,1,0,0,0,1,0,0,0,0,0,1,0,1,1,1,0,0,0,1,0,1,0
Espresso klein Orange to go,0,0,0,0,0,0,0,0,0,0,0,0,0,0,0,0,0,0,0,0,0,0,0,0,1,0,0,0,0,2,0
Espresso klein Originale here,3,9,3,5,3,3,5,1,5,3,2,4,3,5,5,7,4,7,1,2,5,1,5,6,3,0,5,7,2,8,4
Espresso klein Originale to go,0,1,0,1,0,1,0,0,0,1,3,1,1,0,0,1,0,0,1,1,1,0,0,1,0,0,0,1,0,0,0
Espresso klein Unplugged here,0,2,0,0,0,1,0,0,3,0,0,1,0,1,2,2,0,1,0,1,1,0,2,1,2,0,2,0,0,2,0
Espresso klein Unplugged to go,0,0,0,0,0,0,0,0,0,0,0,0,0,0,0,0,0,0,0,0,0,1,0,0,0,0,0,0,0,0,0
Espresso Latte here,5,8,2,5,4,2,5,2,3,2,4,0,4,1,2,5,4,4,3,3,2,2,5,7,1,3,2,2,2,4,4
Espresso Latte to go,1,1,0,2,1,1,3,2,1,0,0,1,2,1,0,1,1,3,0,1,1,3,3,0,0,0,2,0,0,0,1
Frappe black here,3,0,0,5,3,0,7,1,6,4,4,4,4,5,3,2,2,3,1,0,0,4,8,0,1,0,0,1,0,3,0
Frappe black to go,0,1,7,3,9,1,2,3,8,1,5,3,0,0,2,4,0,0,1,2,0,1,9,1,3,0,0,0,0,2,0
Frappe white here,0,1,8,3,3,0,3,0,3,4,4,5,2,1,0,0,0,1,2,4,1,4,4,1,3,1,5,2,8,0,0
Frappe white to go,0,5,3,2,5,4,2,6,3,2,8,1,0,2,0,8,0,1,1,2,2,1,5,0,0,6,2,4,2,3,2
Fruchtsaft frisch groﬂ  here,0,0,1,0,0,0,0,0,2,0,0,0,0,0,0,1,1,0,0,0,0,0,0,0,0,0,0,0,0,1,1
Fruchtsaft frisch klein  here,0,0,0,1,1,1,0,1,0,2,1,0,0,2,0,0,0,1,0,0,1,1,2,0,1,0,1,1,2,3,0
Fruchtsaft frisch klein  to go,0,0,0,0,0,0,0,0,0,0,0,0,0,0,0,0,0,0,0,0,0,0,0,0,1,0,0,0,0,0,0
Heiﬂe S‰fte Heiﬂe Orange here,0,0,0,0,0,0,0,0,1,0,0,0,0,0,0,0,0,0,0,0,0,0,0,0,0,0,0,0,0,0,0
Iced Chai Latte here,0,1,1,3,4,3,1,1,5,2,6,6,3,3,5,4,0,4,2,0,3,0,6,0,5,4,4,6,2,3,0
Iced Chai Latte to go,1,5,3,1,3,2,2,3,4,0,1,2,1,0,2,6,0,1,0,0,3,0,3,0,3,1,1,4,1,2,0
Iced Espresso here,0,0,0,2,1,0,0,0,0,0,0,0,0,0,0,0,0,0,0,0,0,1,0,0,0,0,0,0,0,0,0
Iced Espresso to go,0,0,0,0,0,0,0,0,1,0,0,0,0,1,0,0,0,0,0,0,0,1,0,0,0,0,0,0,0,0,0
Kaffee here,11,10,10,14,8,5,5,8,9,14,4,7,8,8,12,6,4,6,9,8,10,10,3,4,11,6,10,10,9,7,8
Kaffee to go,1,4,1,0,2,2,0,0,2,0,3,0,2,1,2,0,0,0,0,6,3,1,1,0,1,3,1,1,1,6,2
Kaffeeverkauf Espressobohnen groﬂ Espresso Originale to go,0,0,0,0,0,0,0,0,0,0,0,0,0,0,0,0,0,0,0,0,0,0,0,0,0,1,0,0,0,0,0
Kaffeeverkauf Espressobohnen groﬂ Unplugged here,0,0,0,1,0,0,0,0,0,0,0,0,0,0,0,0,0,0,0,0,0,0,0,0,0,0,0,0,0,0,0
Kaffeeverkauf Espressobohnen groﬂ Unplugged to go,0,0,0,0,0,0,0,0,0,0,0,0,1,0,0,0,0,0,0,0,0,0,1,0,0,1,0,1,0,1,0
Kaffeeverkauf Espressobohnen klein Espresso Barista here,0,1,0,0,0,0,0,0,0,0,0,0,0,0,0,0,0,0,0,0,0,0,0,0,0,0,0,0,0,0,0
Kaffeeverkauf Espressobohnen klein Espresso Barista to go,0,0,0,0,0,0,0,0,0,0,0,0,0,0,0,0,0,0,0,0,0,0,1,0,0,0,0,0,0,0,0
Kaffeeverkauf Espressobohnen klein Espresso Cuba to go,0,0,0,0,0,0,1,0,0,0,0,0,0,0,0,1,0,0,0,0,0,0,1,0,1,0,0,0,0,0,1
Kaffeeverkauf Espressobohnen klein Espresso Originale here,0,0,0,0,0,0,0,0,0,0,0,0,0,0,0,0,0,0,0,0,0,0,1,0,0,0,0,0,0,0,0
Kaffeeverkauf Espressobohnen klein Espresso Originale to go,0,0,0,0,0,0,0,0,0,0,0,0,0,0,0,0,0,0,0,0,0,0,0,0,0,0,0,0,0,1,0
Kaffeeverkauf Espressobohnen klein Unplugged here,0,0,0,0,0,0,0,0,0,1,0,0,0,0,0,0,0,0,0,0,0,0,0,0,0,0,0,0,0,0,0
Kaffeeverkauf Espressobohnen klein Unplugged to go,0,0,0,0,0,0,1,0,0,0,0,0,0,0,1,1,0,0,0,0,0,0,0,1,0,0,0,0,0,0,0
Kaffeeverkauf Goldline Blue Mountain here,0,0,0,0,0,0,0,0,0,0,0,0,0,0,0,1,0,0,0,0,0,0,0,0,0,0,0,0,0,0,0
Kaffeeverkauf Goldline Blue Mountain to go,1,0,0,0,0,0,0,0,0,0,0,0,0,0,0,0,0,0,0,0,0,0,0,0,0,0,0,1,0,0,0
Kaffeeverkauf sortenrein groﬂ ƒthiopischer Mocca to go,0,0,0,0,0,1,0,0,0,0,0,0,0,0,0,0,0,0,0,0,0,0,0,0,1,0,0,0,1,0,0
Kaffeeverkauf sortenrein groﬂ Costa Rica here,0,1,0,0,0,0,0,0,0,0,0,0,0,0,0,0,0,0,0,0,0,0,0,0,0,0,0,0,0,0,0
Kaffeeverkauf sortenrein groﬂ Costa Rica to go,0,0,0,0,0,0,0,0,0,0,0,0,0,0,0,0,0,0,0,0,0,0,0,0,0,1,0,0,0,0,0
Kaffeeverkauf sortenrein groﬂ Java here,0,1,0,0,0,0,0,0,0,0,0,0,0,0,0,0,0,0,0,0,0,0,0,0,0,0,0,0,0,0,0
Kaffeeverkauf sortenrein groﬂ Java to go,0,0,0,0,0,0,0,0,0,0,0,1,0,0,0,0,0,0,0,0,0,0,0,0,0,0,0,0,0,0,0
Kaffeeverkauf sortenrein groﬂ Kenya Arabica AA here,0,1,0,0,0,0,0,0,0,0,0,0,0,0,0,0,0,0,0,0,0,0,0,0,0,0,0,0,0,0,0
Kaffeeverkauf sortenrein groﬂ Kenya Arabica AA to go,0,0,0,0,0,0,0,0,0,0,0,0,0,0,0,0,0,0,0,0,0,0,0,1,0,0,0,1,0,0,0
Kaffeeverkauf sortenrein groﬂ Mexiko Organico here,0,0,0,0,0,0,0,0,0,0,0,0,0,0,0,0,0,0,0,0,1,0,0,0,0,0,0,0,0,0,0
Kaffeeverkauf sortenrein groﬂ Mexiko Organico to go,0,0,0,0,0,1,0,0,0,0,0,0,0,0,0,0,0,0,0,0,0,0,0,0,0,0,0,0,1,0,0
Kaffeeverkauf sortenrein klein ƒthiopischer Mocca to go,0,0,0,0,0,0,0,0,0,0,0,0,0,0,0,0,0,0,0,0,0,0,0,1,0,0,0,0,0,0,0
Kaffeeverkauf sortenrein klein Costa Rica here,0,0,0,0,0,1,0,0,0,0,0,0,0,0,0,0,0,0,0,0,0,0,0,0,0,0,0,0,0,0,0
Kaffeeverkauf sortenrein klein Guatemala here,0,0,0,0,1,0,0,0,0,0,0,0,0,0,0,0,0,0,0,0,0,0,0,0,0,0,0,0,0,0,0
Kaffeeverkauf sortenrein klein Guatemala to go,0,0,0,0,0,0,0,0,0,0,0,0,0,0,0,0,0,0,0,0,0,0,0,0,0,0,0,1,0,0,0
Kaffeeverkauf sortenrein klein India Malabar here,0,1,0,0,0,0,0,0,0,0,0,0,0,0,0,0,0,0,0,0,0,0,0,0,0,0,0,0,0,0,0
Kaffeeverkauf sortenrein klein India Malabar to go,0,0,0,0,0,0,0,0,0,0,0,0,0,0,0,0,0,0,0,0,0,0,0,0,0,0,0,1,0,0,0
Kaffeeverkauf sortenrein klein Kenya Arabica AA to go,0,0,0,0,0,0,0,0,0,0,0,0,0,0,0,0,0,0,0,1,0,0,0,0,0,0,0,0,0,0,0
Kaffeeverkauf sortenrein klein Maragogype here,0,0,0,0,0,1,0,0,0,0,0,0,0,0,0,0,0,0,0,0,0,0,0,0,0,0,0,0,0,0,0
Kaffeeverkauf sortenrein klein Mexiko Organico to go,0,0,0,0,0,1,0,0,0,0,0,0,0,0,0,0,0,0,0,0,0,0,0,0,0,0,0,0,0,0,0
Kaffegetr‰nk groﬂ ƒthiopischer Mocca here,0,0,0,0,0,0,0,0,0,0,0,0,0,0,0,1,1,0,0,0,0,0,0,0,0,0,0,0,0,0,0
Kaffegetr‰nk groﬂ ƒthiopischer Mocca to go,0,0,0,0,0,0,0,0,0,0,0,0,0,1,0,0,0,0,0,0,0,0,0,0,0,0,0,0,0,0,0
Kaffegetr‰nk groﬂ Mexiko Organico here,0,0,0,1,0,0,0,1,0,1,0,0,0,0,0,1,1,0,0,0,0,1,0,0,0,0,0,0,1,1,1
Kaffegetr‰nk groﬂ Peru here,0,0,0,0,0,0,0,0,0,0,0,0,0,0,0,0,0,0,0,0,0,0,0,0,0,1,0,0,0,0,0
Kaffegetr‰nk klein Mexiko Organico here,1,0,0,0,1,0,0,0,0,0,3,1,1,1,0,0,0,1,1,1,1,0,0,1,0,0,0,0,0,0,0
Kaffegetr‰nk klein Mexiko Organico to go,0,0,0,0,0,0,0,0,0,0,0,0,0,0,0,1,0,0,0,0,0,0,0,0,0,0,0,0,0,0,0
Kaffegetr‰nk klein Wiener Melange here,0,0,0,1,0,0,0,0,0,0,0,3,0,0,0,0,0,0,0,0,0,1,0,0,0,0,0,0,0,0,0
Kaffeverkauf Hausmischung groﬂ Cafe Creme to go,1,0,0,0,0,0,0,0,0,0,0,0,0,0,0,0,0,0,0,0,0,1,1,0,0,0,0,0,0,0,0
Kaffeverkauf Hausmischung groﬂ Wiener Melange to go,0,0,0,0,0,0,0,1,0,0,0,0,0,0,0,0,0,0,0,0,0,0,0,0,0,0,0,0,0,0,0
Kaffeverkauf Hausmischung klein Cafe Creme here,0,0,0,0,0,0,0,0,0,0,0,0,0,0,0,0,0,0,0,0,0,0,0,0,0,0,0,0,0,1,0
Kaffeverkauf Hausmischung klein Cafe Creme to go,0,0,0,0,0,0,0,0,0,0,0,0,0,0,0,0,0,0,0,0,0,0,1,0,0,0,0,0,0,0,0
Kaffeverkauf Hausmischung klein Cafe entcoffeiniert to go,0,0,0,0,0,0,0,0,0,0,1,0,0,0,0,0,0,0,0,0,0,0,0,0,0,0,0,0,0,0,0
Kaffeverkauf Hausmischung klein Wiener Melange to go,1,0,0,0,0,0,0,0,0,0,0,0,0,0,0,0,2,0,0,0,0,0,0,0,0,0,0,0,0,0,0
Kaffezusatz Espresso Shot here,1,1,3,0,4,1,0,0,1,1,2,0,0,0,0,3,0,1,1,0,0,1,0,1,2,1,0,1,0,0,0
Kaffezusatz Espresso Shot to go,0,4,1,0,0,1,0,1,1,2,0,0,0,0,0,3,0,0,0,2,0,1,2,0,1,0,2,0,1,0,1
Kaffezusatz Flavour Shot here,0,3,2,2,1,3,0,5,4,4,4,3,7,2,2,4,0,2,0,1,2,0,2,1,1,4,5,2,1,4,3
Kaffezusatz Flavour Shot to go,1,2,1,1,1,2,4,1,3,2,1,2,1,1,0,1,0,2,0,0,1,1,0,0,4,0,1,0,2,5,0
Kaffezusatz Lac.-frei here,4,2,0,3,2,1,7,3,5,5,6,6,3,5,2,6,0,6,8,6,5,5,5,4,7,8,8,7,7,7,6
Kaffezusatz Lac.-frei to go,1,4,1,2,2,2,3,4,3,3,1,2,0,2,0,8,0,1,1,0,1,0,2,1,1,1,2,1,2,2,4
Kaffezusatz Sahne here,0,2,1,2,0,0,3,0,2,2,0,0,0,1,0,1,3,1,1,0,0,0,2,10,1,0,0,4,7,2,1
Kaffezusatz Sahne to go,0,0,0,0,0,0,0,0,2,0,0,0,0,0,0,0,0,0,0,0,0,0,0,0,0,0,0,0,0,0,0
Kaffezusatz Soja here,4,5,3,9,0,3,7,7,3,6,2,3,2,7,5,7,0,5,5,5,4,3,8,2,5,3,5,3,6,7,1
Kaffezusatz Soja to go,1,4,1,1,1,3,0,3,1,1,1,0,1,3,0,4,0,3,0,4,4,2,2,1,2,2,4,2,0,6,5
Kapuziner groﬂ  here,0,0,0,0,0,0,0,1,1,0,1,0,0,0,0,1,0,2,0,0,2,1,0,0,0,0,2,0,0,0,0
Kapuziner groﬂ  to go,0,1,0,0,0,0,0,0,0,0,0,0,0,0,0,0,0,0,0,0,0,0,0,0,0,0,0,0,0,0,0
Kapuziner klein  here,0,0,1,0,0,1,1,1,0,0,1,0,1,0,1,0,0,1,0,0,1,1,2,0,1,0,2,0,0,0,0
Kapuziner klein  to go,0,0,0,0,0,0,0,0,0,0,1,0,0,0,0,0,0,0,0,1,0,0,0,0,0,0,0,0,0,0,0
Kuchen here,0,19,9,0,2,0,0,1,20,14,0,1,0,2,0,14,25,5,1,0,0,2,28,18,5,1,2,2,0,17,22
Kuchen to go,0,0,3,0,1,0,0,0,2,4,0,0,0,0,0,1,1,2,0,0,0,1,1,0,2,1,0,0,1,3,0
Latte Macchiato mit Sirup here,9,8,4,4,3,6,7,8,15,7,9,4,7,15,9,8,9,16,10,17,7,19,11,10,16,6,16,15,11,35,13
Latte Macchiato mit Sirup to go,6,8,0,3,7,6,10,7,3,1,7,3,3,7,9,5,2,8,6,3,8,3,8,4,12,2,12,13,3,14,7
Latte Macchiato ohne Sirup bring in,0,0,0,0,0,0,0,0,0,0,0,0,0,0,1,0,0,0,1,0,0,0,0,0,0,0,0,0,0,0,0
Latte Macchiato ohne Sirup here,30,47,14,16,11,13,25,13,29,17,26,18,26,35,37,30,23,43,29,37,29,24,45,25,28,24,33,47,33,40,30
Latte Macchiato ohne Sirup to go,9,16,10,8,8,7,10,14,10,5,15,7,9,12,15,11,3,13,16,11,15,6,19,10,19,14,12,11,9,13,14
Milk groﬂ  here,1,0,0,0,0,0,0,1,0,0,0,1,0,0,0,0,0,0,0,0,0,1,0,0,0,0,0,0,0,1,0
Milk groﬂ  to go,0,0,0,0,0,0,0,0,1,0,0,0,0,0,0,0,0,0,0,0,0,0,0,0,0,0,0,0,0,0,0
Milk klein  here,0,0,0,0,0,0,0,0,1,0,0,0,0,0,0,0,0,0,0,0,0,1,0,0,0,0,0,0,0,0,0
Milk klein  to go,0,0,0,0,0,0,0,0,0,0,0,0,0,0,0,0,0,1,0,0,0,0,0,0,0,0,0,0,0,0,0
Mocca groﬂ black here,2,1,0,0,0,0,0,0,0,0,0,0,0,1,1,0,6,5,0,3,0,2,2,4,1,3,2,0,0,6,3
Mocca groﬂ black to go,2,0,1,0,0,1,1,1,0,0,1,1,1,0,2,3,0,1,2,1,2,0,4,1,1,2,2,4,1,0,1
Mocca groﬂ white here,9,11,1,1,0,3,4,5,1,1,0,0,2,1,0,2,4,3,2,1,3,2,3,3,3,1,1,7,3,4,3
Mocca groﬂ white to go,1,6,1,0,2,1,1,2,1,0,0,2,0,1,2,4,0,0,6,0,2,3,5,4,0,4,3,1,0,3,4
Mocca klein black here,1,2,0,0,0,0,2,0,2,1,2,0,1,1,3,2,1,0,4,7,2,3,5,1,6,1,2,5,3,5,1
Mocca klein black to go,1,0,1,1,0,1,0,0,0,0,1,0,1,0,0,0,2,0,0,1,0,0,0,0,1,0,0,1,0,0,0
Mocca klein white here,2,3,1,1,0,0,1,4,3,2,1,0,3,4,1,3,3,2,6,3,0,6,2,2,3,1,5,3,5,5,4
Mocca klein white to go,0,4,0,0,2,0,1,0,2,0,0,0,2,0,0,2,0,1,0,0,0,0,2,3,0,1,0,0,1,0,0
MoccaSin here,1,2,0,1,0,0,1,0,0,1,1,0,1,1,4,1,0,1,0,0,1,1,6,4,0,1,1,1,1,6,1
MoccaSin to go,0,0,0,0,0,0,2,0,0,0,0,0,0,0,0,0,0,1,0,0,0,0,0,2,0,0,0,1,0,0,0
Muffin here,21,31,17,24,8,9,21,24,21,30,24,10,30,39,30,28,24,33,20,36,31,30,36,24,18,20,33,26,40,61,21
Muffin to go,20,12,13,8,10,9,11,7,7,8,12,4,10,7,13,7,15,10,4,4,10,13,10,7,11,13,12,15,14,19,10
M¸sli here,0,0,0,0,1,0,0,0,0,0,0,0,0,1,0,0,0,0,1,0,0,0,0,0,1,0,0,0,0,0,0
M¸sli to go,0,0,0,0,0,0,1,0,0,0,0,1,0,0,0,0,0,1,1,0,0,0,0,0,1,0,0,1,0,0,0
Nebenprodukte Sirup groﬂ here,1,1,0,0,0,0,0,0,0,0,0,0,0,0,0,0,0,0,0,0,0,0,0,0,0,0,0,0,0,0,0
Nebenprodukte Sirup groﬂ to go,0,0,0,0,0,0,0,0,0,0,0,0,0,1,0,0,0,0,1,0,0,0,0,0,0,0,0,0,0,2,0
Preis here,1,4,3,2,2,1,0,2,5,0,1,0,0,3,1,3,2,2,0,3,1,5,3,0,3,0,2,1,1,1,1
Preis to go,2,1,0,0,2,2,2,1,3,0,0,2,1,3,2,1,0,1,4,2,2,1,1,0,0,1,3,0,6,9,0
Shake here,4,8,8,7,8,5,5,4,12,8,14,5,3,9,4,17,1,5,4,4,17,3,9,6,7,11,10,12,10,17,5
Shake to go,2,5,7,5,3,8,2,7,7,2,6,5,0,2,3,9,0,1,4,2,3,2,5,2,7,3,2,2,2,2,3
Smoothie plain here,10,7,16,16,24,10,17,10,18,18,15,20,9,12,12,37,1,11,11,8,21,3,18,10,10,14,12,22,12,10,8
Smoothie plain to go,4,6,26,18,18,17,3,15,33,3,10,16,4,1,2,20,0,6,8,1,14,4,14,1,9,9,3,8,4,7,3
Softdrink Bionade here,1,6,6,5,0,3,1,3,8,2,2,4,3,2,6,1,2,2,1,4,0,1,3,4,5,4,0,6,4,3,3
Softdrink Bionade to go,1,0,0,0,0,0,0,0,1,0,0,0,0,0,0,0,0,0,0,0,0,0,0,0,0,0,1,1,0,0,0
Softdrink Bottle AFG here,8,2,2,3,2,4,6,4,7,2,15,6,3,2,4,10,7,4,5,3,2,4,9,2,5,3,5,3,5,13,6
Softdrink Bottle AFG to go,1,2,6,1,4,4,0,1,2,0,3,0,1,1,0,4,0,4,0,1,1,0,2,1,1,1,6,0,0,1,3
Softdrink Wasser here,2,4,2,5,2,5,1,2,4,0,3,2,3,1,0,10,3,0,0,1,3,1,10,1,3,2,2,1,4,6,5
Softdrink Wasser to go,1,1,1,1,2,1,1,2,2,1,4,1,1,1,1,3,2,0,0,0,1,0,1,1,0,0,0,0,0,1,1
Special Latte Chocolate Latte here,0,0,0,0,1,0,0,0,0,0,0,0,0,1,0,0,0,0,0,0,0,0,0,0,0,0,1,0,1,0,0
Special Latte Latte Caramel here,6,6,2,8,3,2,5,11,3,2,6,4,5,8,5,2,2,13,11,9,4,9,5,5,11,6,16,9,6,9,3
Special Latte Latte Caramel to go,3,4,1,0,0,0,1,0,2,0,0,1,1,0,1,0,0,4,2,1,3,3,1,0,2,1,1,6,0,5,1
Special Latte Tiramisu Latte here,0,0,0,0,0,1,0,0,0,0,0,0,0,0,0,0,0,0,0,0,0,0,0,0,0,0,0,0,0,0,0
Tea here,2,5,0,1,1,0,1,1,1,0,2,1,4,5,2,1,4,3,0,4,5,5,2,6,2,3,4,5,4,9,3
Tea to go,1,1,0,0,0,0,0,0,0,0,0,0,1,1,0,0,0,0,2,0,1,2,1,1,0,0,2,0,0,0,1