 Datum,01.09.11,02.09.11,03.09.11,04.09.11,05.09.11,06.09.11,07.09.11,08.09.11,09.09.11,10.09.11,11.09.11,12.09.11,13.09.11,14.09.11,15.09.11,16.09.11,17.09.11,18.09.11,19.09.11,20.09.11,21.09.11,22.09.11,23.09.11,24.09.11,25.09.11,26.09.11,27.09.11,28.09.11,29.09.11,30.09.11,31.09.11
Bagel Cream Cheese here,3,1,0,2,4,3,3,2,2,4,0,1,2,2,1,3,1,1,0,1,2,2,4,3,0,4,2,2,2,1,0
Bagel Cream Cheese to go,0,0,0,0,0,0,0,0,0,0,0,0,0,0,1,0,0,1,0,2,0,0,0,1,0,3,0,1,2,1,0
Bagel Fitness here,4,5,8,4,2,1,4,4,6,4,1,4,5,5,8,6,8,2,5,3,5,6,5,5,1,3,3,3,2,5,0
Bagel Fitness to go,0,2,0,0,0,2,0,0,3,2,0,4,1,3,0,1,0,1,1,3,1,3,1,0,0,0,1,5,5,1,0
Bagel Green Garden here,1,0,1,4,0,0,0,1,0,0,0,1,1,2,1,1,3,0,1,0,0,1,0,2,0,1,1,0,1,1,0
Bagel Green Garden to go,0,0,0,0,0,0,0,0,0,0,0,0,0,0,0,1,0,0,0,0,0,0,0,0,0,0,0,0,0,0,0
Bagel India here,1,0,4,2,0,1,3,1,2,0,0,4,1,2,1,0,0,0,1,1,0,1,0,1,0,0,1,4,2,2,0
Bagel India to go,0,1,0,0,0,1,0,0,0,1,0,0,1,0,0,0,0,0,0,0,0,0,0,0,2,0,0,0,0,0,0
Bagel Mexico here,5,3,2,3,8,6,3,3,5,4,0,0,1,1,6,4,4,1,3,1,1,4,3,1,1,1,2,0,4,1,0
Bagel Mexico to go,0,1,0,0,0,0,0,0,0,0,0,2,0,0,0,0,0,1,1,0,0,1,0,1,1,1,0,0,0,0,0
Bagel Morning Star here,0,1,1,1,2,1,1,2,1,0,1,1,2,0,1,0,1,1,2,0,0,0,1,1,0,1,2,1,0,0,0
Bagel Morning Star to go,1,1,0,0,0,0,0,0,0,0,0,0,0,0,0,0,0,0,0,0,0,1,1,0,0,0,0,0,0,0,0
Bagel Peanut Butter here,0,0,0,0,0,1,0,0,0,0,0,0,0,0,0,0,1,0,0,0,0,0,0,0,0,0,0,0,0,0,0
Bagel Peanut Butter to go,0,0,0,0,0,0,0,0,0,0,0,0,0,0,0,0,0,0,0,0,0,0,0,0,1,0,0,0,0,0,0
Bagel plain here,2,1,1,0,2,1,5,0,1,2,0,1,0,1,3,1,1,1,0,2,0,1,1,2,1,0,1,1,0,0,0
Bagel plain to go,0,2,0,0,3,1,1,0,2,2,1,4,0,0,0,1,1,1,3,2,2,2,2,1,2,0,0,2,0,3,0
Bagel Roma oder Florenz here,7,7,1,7,6,10,12,11,9,13,3,10,10,8,9,11,8,8,9,7,7,7,11,14,5,11,10,12,6,13,0
Bagel Roma oder Florenz to go,5,1,0,0,1,2,4,2,3,2,2,3,2,0,2,0,2,0,2,3,2,2,1,6,1,3,0,5,4,1,0
Bagel Stulle Deluxe here,1,3,1,2,3,4,6,4,0,1,1,6,3,1,1,0,5,2,4,2,2,4,2,5,0,3,2,1,3,2,0
Bagel Stulle Deluxe to go,2,0,0,0,1,1,1,1,1,1,1,0,3,0,0,0,1,1,0,2,0,0,1,1,0,1,0,2,0,1,0
Bagel Vital here,0,0,0,0,0,0,0,1,0,0,0,0,0,0,0,0,0,0,0,0,0,0,0,0,0,0,0,0,0,0,0
Brezel Butter here,2,1,0,0,3,1,4,0,0,1,2,2,0,2,0,1,0,2,0,1,0,0,1,0,1,0,0,0,2,0,0
Brezel Butter to go,0,0,0,0,0,0,0,0,0,0,0,0,1,0,0,0,0,0,1,0,0,0,0,0,0,0,1,0,0,0,0
Brezel plain here,3,1,5,3,2,2,1,0,1,0,1,3,1,3,2,3,8,2,1,3,0,1,1,2,2,1,2,4,1,2,0
Brezel plain to go,2,2,0,0,0,0,1,2,0,1,0,1,2,0,1,0,0,3,0,2,1,0,0,0,0,1,2,1,1,1,0
Cafe Creme groﬂ  here,3,5,2,7,3,1,6,6,2,6,4,4,3,1,5,4,5,4,5,4,4,4,6,5,4,4,5,6,3,8,0
Cafe Creme groﬂ  to go,0,2,4,0,4,3,4,2,6,8,0,3,3,1,5,4,4,0,4,9,2,7,6,2,5,4,3,2,3,7,0
Cafe Creme klein  here,12,7,11,3,7,9,14,10,10,8,5,6,6,12,12,14,14,8,15,12,17,9,17,13,13,13,12,15,9,11,0
Cafe Creme klein  to go,4,4,3,2,5,5,5,1,8,3,2,5,2,4,6,4,11,5,7,8,6,6,3,10,5,12,11,7,9,7,0
Caffe Latte mit Sirup here,2,0,0,2,2,3,0,2,3,0,3,4,1,7,1,10,2,3,2,0,4,2,1,3,1,1,1,2,2,3,0
Caffe Latte mit Sirup to go,1,2,1,5,0,2,2,1,0,2,0,1,6,1,2,0,2,3,2,1,1,2,4,4,3,1,0,0,2,1,0
Caffe Latte ohne Sirup here,17,15,9,11,21,13,21,18,14,11,12,11,16,15,18,9,24,15,19,10,11,6,15,14,8,8,14,16,10,12,0
Caffe Latte ohne Sirup to go,9,3,5,4,12,14,6,5,5,6,2,12,9,9,19,4,7,4,8,14,12,16,9,14,13,16,10,13,14,23,0
Cappuccino groﬂ  here,9,15,7,7,11,2,13,8,5,11,9,10,7,15,14,10,15,9,12,8,11,3,12,14,4,8,10,9,10,5,0
Cappuccino groﬂ  to go,4,10,3,5,6,3,5,5,6,2,6,9,4,7,7,5,5,5,5,7,12,5,5,10,8,7,6,7,9,11,0
Cappuccino klein  here,13,14,13,12,21,20,34,14,24,12,8,19,12,14,14,16,20,12,13,15,8,11,17,17,10,14,17,24,17,16,0
Cappuccino klein  to go,6,5,1,2,2,4,7,4,5,9,1,7,6,4,4,5,7,2,4,6,6,7,6,7,2,3,4,9,7,7,0
Chai Tea groﬂ Chai Banana here,0,0,0,0,0,1,1,2,2,0,0,0,0,1,0,2,2,1,1,0,0,0,1,0,0,0,2,0,2,0,0
Chai Tea groﬂ Chai Banana to go,0,0,0,0,0,0,0,0,1,2,0,0,0,0,0,0,3,0,0,1,0,1,0,0,0,1,0,1,0,0,0
Chai Tea groﬂ Chai Tea Latte here,5,1,1,2,5,3,7,6,7,1,0,4,2,6,8,8,6,8,4,2,6,1,3,10,4,2,3,2,2,4,0
Chai Tea groﬂ Chai Tea Latte to go,4,1,0,1,2,1,2,2,3,1,0,3,2,2,3,2,2,5,3,1,2,2,2,3,6,2,3,2,1,1,0
Chai Tea klein Chai Banana here,0,0,1,0,1,0,0,0,0,0,0,0,0,0,0,0,0,0,0,0,0,0,0,0,0,0,0,0,0,0,0
Chai Tea klein Chai Tea Latte here,2,2,3,2,2,0,6,3,4,0,1,2,2,4,2,0,3,8,13,2,4,4,7,2,1,2,1,2,0,4,0
Chai Tea klein Chai Tea Latte to go,0,0,0,1,2,0,1,0,0,0,1,2,0,0,1,0,1,3,1,5,2,0,4,1,3,0,0,5,0,1,0
Chocolate groﬂ Bio-Kakao here,0,0,0,0,0,0,1,0,0,0,0,0,0,0,0,0,0,1,1,0,0,0,1,0,0,0,0,0,0,0,0
Chocolate groﬂ Bio-Kakao to go,1,0,0,0,0,0,0,1,0,0,0,0,0,0,0,0,0,0,0,0,0,0,0,0,0,0,0,0,0,0,0
Chocolate groﬂ black here,0,4,0,0,2,0,8,4,4,1,0,4,2,3,3,1,4,6,2,3,1,6,5,5,0,1,1,2,1,1,0
Chocolate groﬂ black to go,1,1,1,0,1,0,2,4,0,1,0,0,1,1,1,3,1,6,2,1,3,1,0,2,2,1,0,1,1,1,0
Chocolate groﬂ white bring in,0,0,0,0,0,0,0,0,1,0,0,0,0,0,0,0,0,0,0,0,0,0,0,0,0,0,0,0,0,0,0
Chocolate groﬂ white here,0,0,0,3,1,0,1,1,2,1,0,0,2,1,5,0,2,3,0,0,1,1,3,0,1,1,1,0,0,2,0
Chocolate groﬂ white to go,0,0,0,0,0,0,0,1,0,0,0,1,0,0,1,0,0,0,0,1,0,2,0,1,0,1,0,0,0,0,0
Chocolate klein Bio-Kakao here,0,0,0,0,0,0,1,0,0,0,0,1,0,0,0,0,0,4,0,0,0,0,0,0,0,0,1,0,0,1,0
Chocolate klein Bio-Kakao to go,0,0,0,0,0,0,0,0,0,0,0,0,0,0,0,0,0,0,0,0,0,1,2,0,0,0,0,0,0,0,0
Chocolate klein black here,5,1,1,3,7,5,9,6,2,0,0,1,4,0,3,0,2,7,4,3,2,1,10,2,2,1,7,2,2,2,0
Chocolate klein black to go,1,0,0,0,1,0,3,6,0,0,1,2,0,1,0,1,2,1,1,0,2,0,2,1,0,1,0,2,0,0,0
Chocolate klein white here,1,1,0,1,3,0,0,2,2,1,0,1,0,2,0,0,0,1,2,1,1,0,0,0,1,1,3,4,1,0,0
Chocolate klein white to go,0,1,0,0,1,1,0,0,0,0,0,1,0,1,0,0,2,0,0,1,0,1,3,0,0,1,0,1,0,0,0
Cookie here,0,5,6,5,6,4,11,5,5,4,4,10,9,7,1,6,7,9,4,4,4,4,8,5,4,4,3,7,1,4,0
Cookie to go,6,4,3,0,2,7,7,4,6,5,1,0,5,6,3,2,8,1,6,2,5,4,3,4,4,13,10,2,2,9,0
Cool Latte Iced Caffe here,2,1,9,0,1,1,0,1,1,9,3,4,1,0,2,3,1,0,0,0,1,5,2,1,3,1,2,0,5,4,0
Cool Latte Iced Caffe to go,2,0,9,0,1,1,0,0,1,4,2,0,2,0,3,0,3,0,0,4,1,1,1,14,6,1,4,0,6,4,0
Cool Latte Iced Espresso here,2,3,4,0,0,0,1,0,0,1,3,1,0,1,1,0,0,0,1,1,1,0,0,2,1,0,1,0,1,0,0
Cool Latte Iced Espresso to go,0,1,1,0,0,0,0,1,0,2,0,1,1,0,0,3,0,0,0,0,0,1,0,0,2,1,1,1,2,0,0
Cool Latte Iced Macchiato here,5,5,13,4,5,7,2,4,2,16,9,1,10,5,6,8,12,0,0,2,7,3,7,8,7,4,8,3,1,8,0
Cool Latte Iced Macchiato to go,4,3,8,1,3,3,0,1,2,19,0,3,1,2,3,1,7,0,1,2,4,1,6,7,6,10,7,4,2,8,0
Donut here,4,9,1,3,5,6,11,8,16,12,8,6,2,9,3,6,23,8,4,4,2,5,9,9,4,3,4,3,1,3,0
Donut to go,3,2,2,1,2,4,0,6,3,8,0,3,0,1,0,0,1,10,3,1,3,2,1,9,7,1,2,1,5,4,0
Eis here,1,0,0,0,0,0,0,0,0,2,1,1,0,0,0,1,0,0,0,0,0,0,0,0,2,0,0,0,1,0,0
Eis to go,0,0,0,0,0,0,0,0,0,0,0,0,0,0,0,0,0,0,0,0,0,0,0,0,1,0,0,0,0,0,0
Eiskaffee here,4,6,11,11,4,2,4,1,3,11,7,5,4,2,4,12,8,2,0,1,2,4,2,10,8,3,6,5,4,3,0
Eiskaffee to go,3,1,2,0,2,1,0,0,0,3,2,4,0,2,2,2,3,3,0,0,3,0,2,4,5,3,1,6,4,4,0
Eisschokolade here,1,4,7,4,2,4,2,1,10,10,6,10,4,4,5,3,8,0,4,1,4,5,3,6,2,6,3,5,7,8,0
Eisschokolade to go,2,5,3,2,3,2,0,0,0,1,3,2,1,0,3,2,2,1,1,0,0,0,2,6,1,3,1,0,1,3,0
Eistee here,3,4,4,0,0,5,0,2,3,7,6,2,4,4,1,8,4,1,0,0,1,0,0,3,6,3,4,1,4,2,0
Eistee to go,0,0,1,0,0,0,0,0,0,1,1,1,1,1,0,1,1,0,0,0,0,1,1,1,2,0,1,0,1,2,0
Espresso groﬂ Barista here,0,0,1,0,0,1,0,0,1,0,1,1,2,0,1,0,0,1,0,0,0,0,0,1,0,0,0,0,0,0,0
Espresso groﬂ Barista to go,0,0,0,0,0,0,0,1,1,0,0,0,0,0,0,0,0,0,0,0,0,0,0,0,0,0,0,0,0,0,0
Espresso groﬂ Cuba here,0,0,0,1,1,0,0,0,0,1,0,0,0,2,0,0,0,0,0,0,1,0,1,1,0,0,0,0,0,0,0
Espresso groﬂ Cuba to go,0,0,0,0,0,0,0,0,1,0,0,0,0,0,1,0,0,0,0,0,0,0,0,0,0,0,0,0,0,0,0
Espresso groﬂ Lungo here,0,0,0,0,0,0,0,1,0,0,0,0,1,0,0,0,0,0,0,0,0,0,0,0,0,0,0,0,0,0,0
Espresso groﬂ Macchiato here,0,0,0,1,2,0,3,1,1,0,0,1,0,1,1,1,0,0,1,0,0,0,3,0,0,0,0,0,0,1,0
Espresso groﬂ Macchiato to go,0,0,0,1,0,0,0,0,0,0,0,0,0,0,0,1,0,0,0,0,0,0,0,0,0,0,0,0,0,0,0
Espresso groﬂ Originale here,1,1,4,1,3,2,4,1,5,2,3,0,0,0,5,1,2,1,3,2,1,0,5,0,2,2,2,2,0,1,0
Espresso groﬂ Originale to go,1,0,0,1,2,0,0,1,1,0,0,0,1,5,0,0,0,0,0,1,1,1,1,0,1,1,2,2,1,2,0
Espresso groﬂ Unplugged here,0,0,1,1,0,0,0,0,0,0,0,1,0,1,0,0,1,0,0,0,1,0,0,0,0,0,0,0,0,0,0
Espresso groﬂ Unplugged to go,0,0,0,1,0,1,0,0,0,0,0,0,1,0,0,0,0,0,0,1,1,0,0,0,0,0,0,0,0,0,0
Espresso klein Barista here,1,1,0,0,1,0,1,2,0,3,2,0,0,2,0,0,0,0,0,0,1,0,0,2,0,0,0,0,0,0,0
Espresso klein Barista to go,0,0,0,0,0,0,0,0,0,0,0,0,0,0,0,0,0,0,0,0,0,0,0,0,0,1,0,0,0,0,0
Espresso klein Cuba here,1,0,0,0,1,0,0,2,1,2,3,2,0,0,0,1,1,0,0,0,1,0,1,1,1,0,0,1,1,0,0
Espresso klein Cuba to go,1,0,0,1,0,0,0,0,0,0,0,0,0,0,0,0,0,0,0,0,1,0,0,0,0,0,0,0,0,0,0
Espresso klein Lungo here,0,0,0,0,0,0,0,0,0,0,0,0,0,1,0,0,1,0,0,1,0,0,0,0,0,0,0,0,0,0,0
Espresso klein Lungo to go,0,0,0,0,1,0,0,0,0,0,0,0,0,0,0,0,0,0,0,0,0,0,0,0,0,0,0,0,0,0,0
Espresso klein Macchiato here,4,0,2,1,1,2,5,0,2,2,1,3,3,0,5,0,2,1,2,1,2,4,0,3,0,0,0,3,0,3,0
Espresso klein Macchiato to go,0,0,1,0,0,0,0,0,0,0,0,0,0,0,0,0,0,1,0,0,0,0,0,1,1,0,0,0,0,0,0
Espresso klein Orange here,0,0,0,0,2,0,0,0,1,0,2,1,0,0,1,0,1,0,0,0,1,0,0,1,1,0,0,1,0,0,0
Espresso klein Orange to go,0,0,0,0,0,0,0,0,0,0,0,0,0,0,0,0,0,0,0,0,0,0,0,0,0,0,0,1,0,0,0
Espresso klein Originale here,6,6,12,2,7,6,6,3,1,5,10,9,1,2,6,4,4,4,4,2,5,2,3,6,7,2,4,6,1,4,0
Espresso klein Originale to go,0,0,0,0,0,0,0,0,0,0,0,0,0,0,0,0,0,2,1,0,0,0,0,0,1,0,1,0,0,0,0
Espresso klein Unplugged here,2,2,2,0,1,1,1,1,0,0,0,0,0,0,1,0,1,0,0,0,0,1,0,0,2,0,0,0,0,0,0
Espresso klein Unplugged to go,0,1,0,0,0,0,0,0,0,0,0,0,0,0,0,0,0,0,0,0,0,0,0,0,0,0,0,0,0,0,0
Espresso Latte here,5,2,3,3,4,7,3,6,3,3,1,6,5,3,1,2,2,2,7,2,1,1,5,6,2,2,2,2,1,2,0
Espresso Latte to go,2,2,2,1,0,2,2,2,2,0,1,2,2,0,1,4,2,4,2,0,2,1,6,0,1,3,1,4,0,0,0
Frappe black here,3,5,1,2,3,3,0,2,0,2,7,5,2,1,2,3,0,0,0,0,0,0,6,6,3,3,2,1,9,5,0
Frappe black to go,3,1,4,1,1,0,1,1,1,4,5,2,3,2,0,1,1,0,0,1,0,0,3,3,7,2,6,3,1,6,0
Frappe white here,1,2,5,1,0,1,1,0,0,5,4,3,3,2,3,2,6,0,0,1,0,0,0,0,0,0,0,0,0,0,0
Frappe white to go,7,3,10,2,1,1,0,2,2,3,2,5,1,0,0,6,8,0,1,0,1,0,0,1,0,0,0,0,0,0,0
Fruchtsaft frisch groﬂ  here,1,0,0,0,0,0,1,0,1,1,1,0,1,0,1,2,0,0,0,0,0,1,0,0,0,0,0,0,1,0,0
Fruchtsaft frisch groﬂ  to go,0,0,0,0,0,0,0,0,0,0,0,0,0,0,1,0,0,0,0,0,0,0,0,0,0,0,0,0,0,0,0
Fruchtsaft frisch klein  here,1,1,0,0,0,0,0,3,4,0,0,2,1,0,0,0,1,0,0,0,0,1,1,1,0,0,0,0,3,0,0
Fruchtsaft frisch klein  to go,0,0,0,0,0,0,0,0,0,0,0,0,0,0,0,0,0,0,1,0,0,0,0,0,1,0,0,0,0,0,0
Iced Chai Latte here,5,0,5,1,2,4,0,0,2,3,5,3,3,1,0,4,2,1,0,2,1,2,3,5,1,4,0,1,3,3,0
Iced Chai Latte to go,3,2,1,0,6,2,0,0,2,5,2,0,0,1,0,0,4,0,2,0,0,1,1,3,2,5,0,4,1,3,0
Iced Espresso here,0,0,0,0,0,0,0,0,0,0,0,0,0,0,0,0,0,0,0,0,0,0,0,0,0,0,2,1,0,0,0
Iced Espresso to go,0,0,0,0,0,0,0,0,0,0,0,0,0,0,0,0,0,0,0,0,0,0,1,0,0,0,1,0,0,0,0
Kaffee here,13,7,7,9,11,9,5,16,7,9,5,11,5,10,10,1,0,0,0,1,0,0,0,0,0,0,0,0,0,0,0
Kaffee to go,1,2,1,0,0,3,2,1,1,1,0,0,6,0,1,0,0,0,0,0,0,0,0,0,0,0,0,0,0,0,0
Kaffeeverkauf Espressobohnen groﬂ Espresso Barista here,0,0,0,0,1,0,0,0,0,0,0,0,0,0,0,0,0,0,0,0,0,0,0,0,0,0,0,0,0,0,0
Kaffeeverkauf Espressobohnen groﬂ Espresso Barista to go,0,0,0,0,1,0,0,0,0,0,0,0,0,0,0,0,0,0,0,0,0,0,0,0,0,0,0,0,0,0,0
Kaffeeverkauf Espressobohnen groﬂ Espresso Coffeinfrei to go,0,0,0,0,0,0,0,0,0,0,0,0,0,0,0,1,0,0,0,0,0,0,0,0,0,0,0,0,0,0,0
Kaffeeverkauf Espressobohnen groﬂ Espresso Cuba to go,0,0,0,0,0,0,0,0,0,1,0,0,0,0,0,0,0,0,0,0,0,0,0,0,0,0,0,0,0,0,0
Kaffeeverkauf Espressobohnen groﬂ Espresso Originale to go,0,0,0,0,0,0,0,0,0,0,0,0,0,0,0,0,0,0,0,1,0,0,0,0,0,0,0,0,0,0,0
Kaffeeverkauf Espressobohnen groﬂ Unplugged to go,0,0,1,0,0,0,0,0,1,0,0,0,0,0,0,0,0,0,0,0,0,0,0,0,1,0,0,0,0,0,0
Kaffeeverkauf Espressobohnen klein Espresso Barista here,0,0,0,0,0,0,1,0,0,0,0,0,0,0,0,0,0,0,0,0,0,0,0,0,0,0,0,0,0,2,0
Kaffeeverkauf Espressobohnen klein Espresso Cuba to go,0,1,0,0,0,0,0,0,0,0,1,0,0,0,0,0,0,0,0,0,0,0,0,0,0,0,0,0,0,0,0
Kaffeeverkauf Espressobohnen klein Espresso Originale here,0,0,0,0,0,0,0,0,0,0,0,0,0,0,0,0,0,0,0,0,1,0,0,0,0,0,0,0,0,1,0
Kaffeeverkauf Espressobohnen klein Espresso Originale to go,0,0,0,0,0,0,0,0,0,0,0,0,0,0,0,0,0,0,0,0,0,0,0,1,0,1,1,0,0,0,0
Kaffeeverkauf Espressobohnen klein Unplugged here,0,0,0,0,0,1,0,0,0,0,0,0,0,0,0,0,0,0,0,1,0,0,0,0,0,0,0,0,0,0,0
Kaffeeverkauf Espressobohnen klein Unplugged to go,0,0,0,0,1,0,0,0,0,0,0,1,0,0,0,0,0,0,0,0,0,0,0,0,2,0,0,0,0,0,0
Kaffeeverkauf Goldline Blue Mountain here,0,0,0,0,0,0,0,0,0,0,0,0,0,1,0,0,0,0,0,0,0,0,0,0,0,0,0,0,0,0,0
Kaffeeverkauf Goldline Blue Mountain to go,1,0,0,0,0,0,0,0,0,0,0,0,0,0,0,0,0,0,0,0,0,0,0,0,0,1,0,0,0,0,0
Kaffeeverkauf sortenrein groﬂ Kenya Arabica AA here,0,0,0,0,0,0,1,0,0,0,0,0,0,0,0,0,1,0,0,0,0,0,0,0,0,0,0,0,0,0,0
Kaffeeverkauf sortenrein groﬂ Mexiko Organico here,0,0,0,0,0,0,0,0,0,0,0,0,0,0,0,0,0,0,0,1,0,0,0,0,0,0,0,0,0,0,0
Kaffeeverkauf sortenrein groﬂ Mexiko Organico to go,1,0,0,0,0,0,0,0,0,0,0,0,0,0,0,0,0,0,0,0,0,0,0,0,0,0,0,0,0,0,0
Kaffeeverkauf sortenrein klein ƒthiopischer Mocca here,0,0,0,0,0,0,1,0,0,0,0,0,0,0,0,0,0,0,0,0,0,0,0,0,0,0,0,0,0,1,0
Kaffeeverkauf sortenrein klein ƒthiopischer Mocca to go,0,0,0,0,0,1,0,0,0,0,0,0,0,0,0,0,0,0,0,0,0,0,0,0,0,0,0,0,0,0,0
Kaffeeverkauf sortenrein klein Costa Rica here,0,0,0,0,0,0,0,0,0,0,1,0,0,0,0,0,0,0,0,0,0,0,0,0,0,0,0,0,0,0,0
Kaffeeverkauf sortenrein klein Costa Rica to go,0,0,0,0,0,0,0,0,0,0,0,0,0,0,0,0,0,0,0,0,1,0,0,0,0,0,0,0,0,0,0
Kaffeeverkauf sortenrein klein Guatemala to go,0,0,0,0,0,0,0,0,0,0,0,0,0,0,0,0,0,0,1,0,0,0,0,0,0,0,0,0,0,0,0
Kaffeeverkauf sortenrein klein India Malabar here,0,0,0,0,0,0,0,0,0,0,0,0,0,1,0,0,1,0,0,0,0,0,0,0,0,0,0,0,0,0,0
Kaffeeverkauf sortenrein klein Java here,0,0,0,0,1,0,0,0,0,0,0,0,0,0,0,0,0,0,0,0,1,0,0,0,0,0,0,0,0,0,0
Kaffeeverkauf sortenrein klein Java to go,0,0,0,0,0,0,0,0,0,0,0,0,0,1,0,0,0,0,0,0,0,0,0,0,0,0,0,1,0,0,0
Kaffeeverkauf sortenrein klein Kenya Arabica AA here,0,0,0,0,0,1,0,0,0,0,1,0,0,0,0,0,0,0,0,0,0,0,0,0,0,0,0,0,0,0,0
Kaffeeverkauf sortenrein klein Maragogype to go,0,0,0,0,0,0,0,0,0,0,0,0,0,0,0,0,0,0,1,0,0,0,0,0,0,0,0,1,0,0,0
Kaffeeverkauf sortenrein klein Mexiko Organico to go,1,0,0,0,0,0,0,0,0,0,0,0,0,0,0,0,0,0,0,0,0,0,0,0,0,0,0,0,0,0,0
Kaffegetr‰nk groﬂ Costa Rica here,0,0,0,0,0,0,0,0,1,0,0,0,0,0,0,1,0,0,0,0,0,0,0,0,0,0,0,0,0,0,0
Kaffegetr‰nk groﬂ India Malabar here,0,0,0,0,0,1,0,0,0,0,0,0,0,0,0,0,0,0,0,0,0,0,0,0,0,0,0,0,0,1,0
Kaffegetr‰nk groﬂ India Malabar to go,0,0,0,0,0,1,0,0,0,0,0,0,0,0,0,0,0,0,0,0,0,0,0,0,0,0,0,0,0,0,0
Kaffegetr‰nk groﬂ Mexiko Organico here,0,0,0,0,0,0,0,0,0,0,0,1,0,0,0,0,1,1,0,0,0,0,1,0,1,0,0,0,1,1,0
Kaffegetr‰nk groﬂ Mexiko Organico to go,0,0,0,0,0,0,0,0,0,0,0,0,0,0,0,0,0,0,0,0,0,0,0,0,0,0,0,1,0,0,0
Kaffegetr‰nk klein Costa Rica here,0,0,0,0,0,0,0,0,0,0,0,0,0,0,0,0,0,0,0,0,0,1,0,0,0,0,0,0,0,0,0
Kaffegetr‰nk klein Costa Rica to go,0,0,0,0,0,0,0,0,0,0,0,0,0,0,0,0,0,0,0,0,0,0,0,0,0,0,0,0,0,1,0
Kaffegetr‰nk klein Kenya Arabica AA here,0,0,0,0,0,0,0,0,0,0,0,0,0,0,0,1,1,0,0,0,0,0,0,0,0,0,0,0,0,0,0
Kaffegetr‰nk klein Mexiko Organico here,1,1,0,1,1,1,1,0,2,0,1,1,0,1,1,2,0,0,1,1,1,1,0,1,0,0,1,0,1,0,0
Kaffegetr‰nk klein Peru here,0,0,0,0,0,0,0,0,0,0,0,0,0,0,0,0,0,0,0,0,0,0,1,0,0,0,1,0,0,0,0
Kaffegetr‰nk klein Wiener Melange here,0,0,0,0,1,1,0,0,0,0,0,0,0,0,0,0,0,0,0,0,0,0,4,0,0,0,2,1,0,1,0
Kaffespezialit‰t Blue Mountain here,0,0,0,0,0,0,0,0,0,1,0,0,0,0,0,0,0,0,0,0,0,0,0,0,0,0,0,0,0,0,0
Kaffeverkauf Hausmischung groﬂ Cafe Creme here,0,0,0,0,0,0,0,0,0,0,0,0,0,0,0,0,0,0,0,0,1,0,0,0,0,0,0,0,0,0,0
Kaffeverkauf Hausmischung groﬂ Cafe Creme to go,1,0,0,0,0,0,0,0,0,0,0,1,0,0,0,0,0,0,0,0,0,0,0,0,0,0,0,0,0,0,0
Kaffeverkauf Hausmischung groﬂ Wiener Melange to go,0,0,0,0,0,0,0,0,0,0,0,0,0,0,0,0,0,1,0,0,0,0,0,0,0,0,0,0,0,0,0
Kaffeverkauf Hausmischung klein Cafe Creme here,0,0,0,0,0,0,0,0,0,0,0,0,0,0,0,0,2,0,0,0,0,0,0,0,0,0,0,0,0,0,0
Kaffeverkauf Hausmischung klein Cafe Creme to go,1,0,1,0,0,0,0,0,0,1,0,0,0,2,0,0,0,0,0,0,0,0,0,0,0,0,0,0,0,0,0
Kaffeverkauf Hausmischung klein Wiener Melange to go,0,0,0,0,0,1,0,0,0,0,0,0,0,0,0,0,0,0,0,1,0,0,0,0,0,0,0,0,0,0,0
Kaffezusatz Espresso Shot here,1,0,1,0,3,0,1,3,1,0,0,2,0,0,2,2,1,1,1,0,0,0,2,6,0,0,0,1,1,0,0
Kaffezusatz Espresso Shot to go,1,1,0,0,1,0,0,0,2,0,0,0,4,1,0,1,0,2,1,1,1,3,0,1,0,2,1,0,0,1,0
Kaffezusatz Flavour Shot here,1,5,4,1,2,3,3,4,3,5,0,1,2,2,4,2,4,1,1,1,4,1,7,5,1,1,2,0,6,0,0
Kaffezusatz Flavour Shot to go,0,1,5,0,2,1,1,0,0,2,1,0,0,2,0,0,1,0,0,1,2,0,4,4,1,5,1,2,0,6,0
Kaffezusatz Lac.-frei here,7,6,6,3,9,6,7,9,6,7,2,4,4,6,4,2,4,1,6,4,5,3,4,3,4,3,7,9,6,1,0
Kaffezusatz Lac.-frei to go,6,5,2,1,2,6,2,2,2,3,2,2,1,1,2,6,2,1,0,2,3,0,3,2,7,1,6,2,2,3,0
Kaffezusatz Sahne here,0,1,1,1,0,0,3,2,0,0,1,0,1,3,1,0,3,2,1,1,0,1,0,0,0,0,1,0,0,2,0
Kaffezusatz Sahne to go,1,1,0,0,0,0,0,0,0,1,0,0,0,1,0,0,0,0,0,0,1,0,0,0,0,0,0,0,0,0,0
Kaffezusatz Soja here,3,3,5,3,3,7,4,8,3,6,1,4,1,4,1,4,5,6,3,4,3,4,7,5,2,3,5,2,6,3,0
Kaffezusatz Soja to go,1,4,3,0,2,0,1,1,0,3,1,1,1,2,0,0,2,1,2,3,2,2,2,7,0,3,0,2,1,2,0
Kapuziner groﬂ  here,0,0,0,1,0,3,0,0,0,0,0,0,1,0,1,0,0,0,1,0,0,0,1,0,1,1,0,0,1,0,0
Kapuziner groﬂ  to go,0,0,0,2,0,0,0,0,0,0,0,0,0,1,0,0,0,0,0,0,0,0,0,0,0,0,0,0,0,0,0
Kapuziner klein  here,0,1,1,0,2,1,0,0,1,1,1,0,0,0,0,0,2,0,0,0,0,1,2,3,0,2,0,0,0,1,0
Kapuziner klein  to go,0,0,0,0,0,0,0,0,0,0,0,0,0,0,0,0,0,0,0,1,0,0,1,2,0,0,0,0,0,0,0
Kuchen here,1,1,10,16,5,0,0,0,1,18,9,6,2,2,0,0,18,21,1,0,3,1,1,8,11,7,6,3,2,1,0
Kuchen to go,0,1,0,2,1,0,0,0,0,1,2,2,1,0,0,1,1,1,0,1,0,2,0,3,1,2,0,0,0,0,0
Latte Macchiato mit Sirup here,7,7,7,3,7,15,18,11,12,7,8,14,8,14,18,15,14,13,17,7,5,11,10,15,8,2,18,3,9,12,0
Latte Macchiato mit Sirup to go,2,4,3,6,8,6,0,6,4,4,5,10,8,13,22,17,2,6,5,7,9,11,8,7,5,10,7,7,11,11,0
Latte Macchiato ohne Sirup here,19,22,17,12,32,43,27,40,27,29,24,21,25,30,32,37,29,32,38,26,18,34,28,37,12,20,24,14,28,26,0
Latte Macchiato ohne Sirup to go,12,16,6,5,12,9,11,11,16,7,3,20,16,19,14,17,23,11,16,15,20,19,15,22,23,15,27,15,19,12,0
Milk groﬂ  here,0,0,0,0,1,0,0,0,0,0,0,0,0,0,0,0,0,0,1,0,0,1,0,0,0,0,0,0,0,0,0
Milk klein  here,0,0,0,0,0,0,1,0,1,0,0,0,0,1,1,0,0,0,0,0,0,0,0,1,0,0,0,0,0,1,0
Milk klein  to go,0,0,0,0,0,0,0,0,0,0,0,0,0,0,0,0,0,0,0,0,0,0,0,1,0,0,0,0,1,0,0
Mocca groﬂ black here,1,2,0,1,0,2,2,4,0,2,4,2,5,4,0,0,4,6,3,1,3,2,2,2,0,2,0,3,0,2,0
Mocca groﬂ black to go,0,3,0,0,1,1,1,0,0,3,1,1,0,2,0,0,1,0,2,5,4,2,2,2,3,4,2,1,5,1,0
Mocca groﬂ white here,0,1,3,1,2,1,5,0,2,2,4,2,3,3,3,1,11,2,2,2,1,3,3,3,0,1,2,2,0,2,0
Mocca groﬂ white to go,0,0,4,0,2,1,0,0,1,1,0,1,1,4,2,2,3,1,4,2,1,5,0,5,2,2,3,2,3,2,0
Mocca klein black bring in,0,0,0,0,0,0,0,0,0,0,0,0,0,0,0,0,1,0,0,0,0,0,0,0,0,0,0,0,0,0,0
Mocca klein black here,2,0,1,0,0,2,4,2,3,0,1,3,2,1,2,2,1,1,5,3,1,2,0,0,0,0,1,3,0,4,0
Mocca klein black to go,2,0,0,0,0,1,0,1,1,0,0,0,0,0,0,0,1,2,0,0,2,0,2,1,1,0,0,0,0,1,0
Mocca klein white here,1,1,2,0,2,0,1,0,2,0,1,1,5,0,0,3,3,2,2,0,2,2,2,2,1,2,2,0,0,3,0
Mocca klein white to go,1,0,0,0,3,1,1,2,1,0,0,0,1,0,3,2,8,0,1,0,0,0,1,1,1,1,1,2,0,0,0
MoccaSin here,0,2,2,0,0,0,1,2,1,0,1,0,0,1,1,0,2,4,3,0,0,0,1,1,2,0,0,2,1,1,0
MoccaSin to go,0,0,0,0,0,0,0,0,0,0,0,1,0,0,1,0,0,0,0,1,0,0,0,4,0,0,0,0,0,0,0
Muffin bring in,0,0,0,0,0,0,0,0,0,0,1,0,0,0,0,0,0,0,0,0,0,0,0,0,0,0,0,0,0,0,0
Muffin here,17,16,21,13,20,32,29,40,27,23,32,22,10,27,21,33,35,27,32,21,12,17,29,28,14,10,23,20,12,25,0
Muffin to go,9,6,5,7,7,11,9,10,6,3,4,18,7,6,11,11,4,7,10,6,12,4,14,13,12,12,9,6,7,14,0
M¸sli here,1,0,0,0,0,0,0,0,0,0,0,1,0,0,0,0,0,1,0,0,1,0,0,1,0,1,0,0,0,0,0
M¸sli to go,0,1,0,0,0,0,0,0,0,0,0,0,0,0,0,0,0,0,0,0,0,0,0,0,2,0,0,0,0,0,0
Nebenprodukte Just-T here,0,0,0,0,0,0,1,0,0,0,0,0,0,0,0,0,0,0,0,0,0,0,0,0,0,0,0,0,0,0,0
Nebenprodukte Just-T to go,0,0,0,0,0,0,0,0,0,0,0,0,0,0,0,0,0,2,0,0,0,0,0,0,0,0,0,0,0,0,0
Nebenprodukte Sirup groﬂ to go,0,0,0,0,0,0,0,0,0,0,0,0,0,0,1,0,0,0,1,0,0,0,0,5,0,0,0,0,0,0,0
Preis here,1,0,2,1,1,1,1,4,9,15,3,0,7,1,0,10,7,4,2,2,4,3,3,2,4,7,1,4,5,4,0
Preis to go,0,0,0,2,0,1,0,2,1,9,0,1,1,0,0,1,1,0,0,0,2,1,0,1,2,2,0,1,0,1,0
Shake here,10,9,15,20,7,7,2,2,10,20,1,5,2,6,6,8,8,8,9,2,5,2,5,11,3,6,10,7,2,13,0
Shake to go,5,6,9,6,5,6,0,1,2,7,1,9,4,3,4,1,6,0,2,5,2,1,9,15,5,4,4,8,1,6,0
Smoothie BIO here,0,0,0,0,0,0,0,0,0,0,5,8,5,6,12,10,22,2,4,4,10,5,8,11,0,4,4,8,7,5,0
Smoothie BIO to go,0,0,0,0,0,0,0,0,0,0,5,3,5,3,0,3,2,0,1,3,4,2,1,10,4,2,0,8,3,2,0
Smoothie plain here,13,22,20,9,14,8,8,9,17,32,20,14,16,10,10,8,11,2,2,10,5,4,8,19,11,9,9,7,10,11,0
Smoothie plain to go,14,7,24,12,7,12,2,4,3,22,4,11,6,5,5,9,10,0,2,4,9,5,3,16,19,16,8,6,7,14,0
Softdrink Bionade here,1,2,4,3,3,0,3,8,5,5,3,5,2,2,0,6,2,4,1,5,1,1,2,9,1,3,1,4,0,1,0
Softdrink Bionade to go,1,0,2,0,1,0,0,0,0,2,0,0,0,0,0,0,0,0,0,0,1,0,0,1,1,0,0,1,0,0,0
Softdrink Bottle AFG here,3,4,11,4,3,2,2,4,5,7,7,4,4,2,6,3,6,0,2,4,3,4,2,5,3,4,4,3,5,7,0
Softdrink Bottle AFG to go,1,0,0,0,1,0,1,0,2,2,2,3,1,0,1,2,0,0,0,0,0,2,0,2,3,3,0,2,1,1,0
Softdrink Wasser bring in,0,0,0,0,0,0,1,0,0,0,0,0,0,0,0,0,0,0,0,0,0,0,0,0,0,0,0,0,0,0,0
Softdrink Wasser here,7,5,11,4,4,5,7,7,6,4,0,5,1,2,1,2,6,1,1,2,4,2,6,6,2,2,2,1,3,3,0
Softdrink Wasser to go,2,2,3,0,2,0,1,0,0,2,1,2,0,0,1,0,0,0,1,0,0,0,1,5,1,1,1,0,1,2,0
Special Latte Chocolate Latte here,0,0,0,0,0,0,0,0,0,0,0,0,0,0,0,0,0,0,3,0,0,0,0,0,0,0,0,0,0,0,0
Special Latte Chocolate Latte to go,0,0,0,0,0,0,0,0,0,0,0,0,1,0,0,0,0,0,0,0,0,0,0,0,0,0,0,0,0,0,0
Special Latte Latte Caramel here,2,4,0,5,5,15,16,12,6,5,6,8,7,5,3,2,6,7,7,13,5,8,5,7,2,2,3,10,2,5,0
Special Latte Latte Caramel to go,2,2,0,0,4,3,5,5,0,1,1,1,1,2,1,1,3,1,4,1,2,4,3,2,6,6,3,0,1,0,0
Tea here,7,2,0,2,0,2,5,7,1,2,1,0,4,7,6,3,5,9,8,2,4,5,2,3,4,1,1,2,6,1,0
Tea to go,1,0,2,0,0,0,1,1,0,0,0,0,0,1,0,0,0,2,0,0,0,2,0,1,1,1,0,0,0,0,0